1525734588.131581,0
1525734588.144927,15
1525734588.157469,14
1525734588.170358,9
1525734588.183149,6
1525734588.195902,4
1525734588.209097,5
1525734588.221704,15
1525734588.234449,5
1525734588.247687,4
1525734588.260633,8
1525734588.273547,6
1525734588.287492,5
1525734588.300981,5
1525734588.314059,7
1525734588.327488,2
1525734588.340699,4
1525734588.353580,3
1525734588.366958,6
1525734588.379603,13
1525734588.392427,4
1525734588.405312,5
1525734588.418247,4
1525734588.431514,3
1525734588.444499,6
1525734588.457584,3
1525734588.470154,4
1525734588.482863,3
1525734588.495810,3
1525734588.509017,2
1525734588.522940,1
1525734588.536037,1
1525734588.549697,3
1525734588.563286,1
1525734588.576439,2
1525734588.589534,4
1525734588.603159,19
1525734588.615844,10
1525734588.628820,2
1525734588.641844,4
1525734588.654996,5
1525734588.668204,2
1525734588.681616,1
1525734588.695533,2
1525734588.708593,1
1525734588.721512,0
1525734588.734365,0
1525734588.748297,0
1525734588.762511,0
1525734588.775416,2
1525734588.788310,2
1525734588.801260,3
1525734588.815427,3
1525734588.828428,8
1525734588.841246,1
1525734588.853845,5
1525734588.867432,3
1525734588.881354,4
1525734588.894482,9
1525734588.907470,1
1525734588.920482,1
1525734588.933789,1
1525734588.947723,0
1525734588.960881,0
1525734588.973790,0
1525734588.987449,0
1525734589.000771,0
1525734589.013649,6
1525734589.026282,9
1525734589.039258,2
1525734589.051881,3
1525734589.064753,6
1525734589.078194,3
1525734589.091089,4
1525734589.103859,2
1525734589.117260,3
1525734589.130179,1
1525734589.142765,1
1525734589.155895,1
1525734589.169938,0
1525734589.184255,0
1525734589.197676,0
1525734589.210899,0
1525734589.224261,0
1525734589.238747,1
1525734589.251547,2
1525734589.264167,15
1525734589.277168,7
1525734589.290150,0
1525734589.302737,0
1525734589.315613,0
1525734589.329359,0
1525734589.343557,0
1525734589.356553,0
1525734589.369966,0
1525734589.382901,0
1525734589.395885,0
1525734589.409904,0
1525734589.423855,0
1525734589.436645,0
1525734589.449668,0
1525734589.463063,0
1525734589.476626,4
1525734589.490902,9
1525734589.504034,1
1525734589.517501,2
1525734589.530534,1
1525734589.543579,1
1525734589.556950,0
1525734589.569833,0
1525734589.582640,0
1525734589.595558,0
1525734589.608819,0
1525734589.622792,0
1525734589.635578,0
1525734589.648656,0
1525734589.661837,0
1525734589.675112,0
1525734589.689724,5
1525734589.702496,4
1525734589.714930,7
1525734589.727807,2
1525734589.740391,0
1525734589.754792,0
1525734589.768774,0
1525734589.783160,0
1525734589.797444,0
1525734589.812564,0
1525734589.825409,0
1525734589.839510,0
1525734589.853965,0
1525734589.870044,0
1525734589.883318,0
1525734589.898071,0
1525734589.911130,6
1525734589.923703,12
1525734589.936415,6
1525734589.948718,19
1525734589.961345,17
1525734589.973814,14
1525734589.986716,6
1525734589.999972,2
1525734590.013057,1
1525734590.026048,1
1525734590.038453,1
1525734590.051116,1
1525734590.063781,1
1525734590.076584,2
1525734590.089549,2
1525734590.102844,3
1525734590.115867,3
1525734590.129142,5
1525734590.142432,4
1525734590.155572,4
1525734590.168810,2
1525734590.182438,3
1525734590.195278,4
1525734590.208314,6
1525734590.221153,2
1525734590.234236,2
1525734590.247443,1
1525734590.260429,1
1525734590.273920,2
1525734590.289086,2
1525734590.302002,2
1525734590.314938,3
1525734590.328344,5
1525734590.341256,0
1525734590.354877,2
1525734590.368588,5
1525734590.380939,15
1525734590.393536,11
1525734590.406471,10
1525734590.419360,9
1525734590.432101,3
1525734590.445115,1
1525734590.459107,1
1525734590.472111,2
1525734590.485336,1
1525734590.498696,1
1525734590.511984,2
1525734590.525856,3
1525734590.538855,2
1525734590.551566,2
1525734590.564839,2
1525734590.577986,1
1525734590.590198,16
1525734590.603369,5
1525734590.615927,5
1525734590.629209,2
1525734590.642292,3
1525734590.655149,3
1525734590.668125,1
1525734590.682057,1
1525734590.694875,2
1525734590.708197,1
1525734590.721988,1
1525734590.734899,0
1525734590.748239,0
1525734590.761926,0
1525734590.776309,0
1525734590.789541,1
1525734590.802210,19
1525734590.814470,19
1525734590.827291,6
1525734590.839627,4
1525734590.852452,0
1525734590.866545,0
1525734590.880206,0
1525734590.894454,0
1525734590.908768,0
1525734590.923993,0
1525734590.937252,0
1525734590.951192,0
1525734590.964910,0
1525734590.981400,0
1525734590.995131,0
1525734591.007973,4
1525734591.022282,4
1525734591.034813,8
1525734591.048144,5
1525734591.061180,0
1525734591.075626,0
1525734591.090010,0
1525734591.103945,0
1525734591.118638,0
1525734591.131740,0
1525734591.145110,0
1525734591.160418,0
1525734591.173548,0
1525734591.188380,0
1525734591.201281,0
1525734591.215138,0
1525734591.228120,3
1525734591.240793,4
1525734591.253552,4
1525734591.266531,3
1525734591.279819,5
1525734591.292774,4
1525734591.305701,4
1525734591.318923,4
1525734591.331969,3
1525734591.344787,11
1525734591.357915,4
1525734591.371089,1
1525734591.384017,1
1525734591.397522,0
1525734591.409832,0
1525734591.422927,0
1525734591.435745,0
1525734591.448908,12
1525734591.461963,7
1525734591.474936,5
1525734591.488131,4
1525734591.501409,3
1525734591.514514,4
1525734591.527634,4
1525734591.540416,12
1525734591.552936,8
1525734591.565883,1
1525734591.578866,1
1525734591.591716,3
1525734591.604668,4
1525734591.617834,3
1525734591.630664,1
1525734591.643789,3
1525734591.656383,4
1525734591.669354,12
1525734591.682736,2
1525734591.695807,5
1525734591.708748,11
1525734591.721559,4
1525734591.734551,4
1525734591.748004,5
1525734591.760833,4
1525734591.773902,6
1525734591.787122,5
1525734591.800093,5
1525734591.812777,7
1525734591.825911,5
1525734591.838857,6
1525734591.851804,8
1525734591.864712,9
1525734591.877688,3
1525734591.890901,6
1525734591.904230,6
1525734591.918558,1
1525734591.932457,1
1525734591.945456,4
1525734591.958124,10
1525734591.971225,6
1525734591.984218,5
1525734591.997465,3
1525734592.011191,1
1525734592.024100,5
1525734592.036994,14
1525734592.049716,3
1525734592.062513,4
1525734592.075615,3
1525734592.089091,4
1525734592.102948,5
1525734592.115778,3
1525734592.130975,2
1525734592.143519,3
1525734592.156218,3
1525734592.169439,4
1525734592.182282,2
1525734592.194779,13
1525734592.208329,3
1525734592.221132,8
1525734592.233768,7
1525734592.246466,13
1525734592.259596,7
1525734592.272632,9
1525734592.285462,6
1525734592.298702,4
1525734592.311506,3
1525734592.324297,4
1525734592.338228,2
1525734592.351114,4
1525734592.365382,1
1525734592.378775,1
1525734592.391897,2
1525734592.406034,10
1525734592.418918,0
1525734592.431871,0
1525734592.444988,0
1525734592.458063,5
1525734592.470884,5
1525734592.483808,2
1525734592.497314,5
1525734592.510421,4
1525734592.523242,7
1525734592.535928,6
1525734592.549133,5
1525734592.562191,5
1525734592.575102,4
1525734592.588026,2
1525734592.600944,4
1525734592.614652,11
1525734592.627697,2
1525734592.640704,1
1525734592.653697,1
1525734592.666555,1
1525734592.679867,2
1525734592.693891,9
1525734592.707275,10
1525734592.720171,5
1525734592.733050,4
1525734592.745700,6
1525734592.758500,5
1525734592.771305,6
1525734592.784080,4
1525734592.797498,5
1525734592.810323,6
1525734592.823174,5
1525734592.835909,3
1525734592.848846,6
1525734592.862230,3
1525734592.875879,3
1525734592.888768,4
1525734592.902885,3
1525734592.915933,3
1525734592.929268,3
1525734592.943063,1
1525734592.955975,0
1525734592.969184,0
1525734592.981829,3
1525734592.994669,6
1525734593.007794,2
1525734593.020597,2
1525734593.034603,2
1525734593.047910,1
1525734593.060852,3
1525734593.073751,6
1525734593.086137,2
1525734593.099693,5
1525734593.112763,7
1525734593.125726,10
1525734593.138962,4
1525734593.151929,6
1525734593.164419,6
1525734593.178006,2
1525734593.190895,2
1525734593.204052,2
1525734593.217152,1
1525734593.230854,12
1525734593.243732,13
1525734593.256508,11
1525734593.269345,2
1525734593.282298,1
1525734593.294931,8
1525734593.307927,11
1525734593.320724,3
1525734593.333654,0
1525734593.346791,0
1525734593.359982,0
1525734593.373017,4
1525734593.385694,2
1525734593.398880,5
1525734593.411531,4
1525734593.424348,5
1525734593.438155,4
1525734593.451076,3
1525734593.464102,7
1525734593.477236,4
1525734593.489974,3
1525734593.502872,5
1525734593.515786,7
1525734593.529089,7
1525734593.541882,5
1525734593.561157,1
1525734593.574031,5
1525734593.586852,7
1525734593.599699,7
1525734593.612683,6
1525734593.625485,5
1525734593.638494,12
1525734593.651081,8
1525734593.664567,6
1525734593.677456,6
1525734593.690317,3
1525734593.703279,3
1525734593.716063,2
1525734593.729405,4
1525734593.742208,6
1525734593.754839,3
1525734593.767898,2
1525734593.781051,2
1525734593.795009,3
1525734593.808478,2
1525734593.821140,3
1525734593.833814,2
1525734593.846744,0
1525734593.861155,0
1525734593.875068,0
1525734593.890393,0
1525734593.903378,0
1525734593.916157,0
1525734593.930410,0
1525734593.943471,0
1525734593.956544,8
1525734593.969780,17
1525734593.982762,5
1525734593.995493,4
1525734594.008657,5
1525734594.021217,3
1525734594.035203,4
1525734594.048262,3
1525734594.060882,2
1525734594.073925,3
1525734594.087273,0
1525734594.100434,3
1525734594.113920,2
1525734594.127233,2
1525734594.140315,1
1525734594.153080,3
1525734594.166086,4
1525734594.179184,4
1525734594.192069,8
1525734594.204867,10
1525734594.217941,13
1525734594.231266,7
1525734594.244126,2
1525734594.256942,1
1525734594.270270,2
1525734594.283937,1
1525734594.297210,1
1525734594.310013,1
1525734594.322527,0
1525734594.335318,0
1525734594.348067,0
1525734594.362656,0
1525734594.376076,0
1525734594.389140,3
1525734594.402000,11
1525734594.414577,3
1525734594.427505,2
1525734594.440015,3
1525734594.452833,5
1525734594.465673,4
1525734594.478433,7
1525734594.491235,3
1525734594.504513,5
1525734594.517712,2
1525734594.530659,2
1525734594.543521,1
1525734594.556398,0
1525734594.569427,0
1525734594.583020,0
1525734594.596199,0
1525734594.609653,0
1525734594.622612,3
1525734594.635386,14
1525734594.648525,12
1525734594.661095,0
1525734594.673612,0
1525734594.686143,0
1525734594.699632,0
1525734594.712827,0
1525734594.727316,0
1525734594.740041,0
1525734594.752664,0
1525734594.765552,0
1525734594.778911,0
1525734594.792045,0
1525734594.807005,0
1525734594.819788,0
1525734594.832865,3
1525734594.845884,6
1525734594.858757,5
1525734594.871430,11
1525734594.884163,9
1525734594.897383,8
1525734594.910077,14
1525734594.922794,4
1525734594.935291,0
1525734594.948515,0
1525734594.962248,0
1525734594.975114,0
1525734594.988565,0
1525734595.002460,0
1525734595.017484,0
1525734595.030565,0
1525734595.043288,4
1525734595.056033,13
1525734595.068944,5
1525734595.081983,3
1525734595.094878,4
1525734595.107736,1
1525734595.120602,0
1525734595.134198,0
1525734595.147140,0
1525734595.160465,0
1525734595.172978,0
1525734595.186125,0
1525734595.199729,0
1525734595.213382,0
1525734595.227801,0
1525734595.240374,0
1525734595.253256,2
1525734595.266067,3
1525734595.279294,1
1525734595.292130,21
1525734595.304680,17
1525734595.317585,4
1525734595.330417,0
1525734595.344559,0
1525734595.358346,0
1525734595.373031,0
1525734595.386092,0
1525734595.399534,0
1525734595.413550,0
1525734595.427878,0
1525734595.441688,0
1525734595.455977,0
1525734595.469854,1
1525734595.482664,5
1525734595.495908,4
1525734595.508917,2
1525734595.521515,5
1525734595.534202,8
1525734595.547350,7
1525734595.560062,7
1525734595.572877,7
1525734595.585629,6
1525734595.598779,7
1525734595.611356,8
1525734595.624018,7
1525734595.637344,6
1525734595.649877,6
1525734595.662626,6
1525734595.675227,6
1525734595.688181,4
1525734595.701469,4
1525734595.713846,13
1525734595.726940,3
1525734595.740141,2
1525734595.754089,3
1525734595.766973,2
1525734595.779538,3
1525734595.792156,4
1525734595.806041,4
1525734595.819951,7
1525734595.832810,0
1525734595.846449,0
1525734595.859516,0
1525734595.873011,0
1525734595.887243,0
1525734595.900318,0
1525734595.913333,8
1525734595.925899,14
1525734595.938817,5
1525734595.951761,4
1525734595.964537,6
1525734595.977889,4
1525734595.990755,3
1525734596.004663,3
1525734596.017657,1
1525734596.030640,2
1525734596.043891,1
1525734596.056099,20
1525734596.068903,15
1525734596.081334,8
1525734596.094394,0
1525734596.108424,0
1525734596.122635,0
1525734596.135260,0
1525734596.148287,2
1525734596.161252,6
1525734596.174118,5
1525734596.186956,6
1525734596.200034,6
1525734596.213718,2
1525734596.227134,1
1525734596.240191,1
1525734596.253808,0
1525734596.267065,0
1525734596.279535,19
1525734596.291777,18
1525734596.304374,17
1525734596.317569,2
1525734596.331240,0
1525734596.345221,0
1525734596.358430,0
1525734596.371240,7
1525734596.383884,12
1525734596.397078,3
1525734596.410318,4
1525734596.423340,7
1525734596.436218,5
1525734596.450580,3
1525734596.463446,6
1525734596.476459,6
1525734596.489086,5
1525734596.502107,6
1525734596.514603,11
1525734596.527981,2
1525734596.540798,2
1525734596.554411,4
1525734596.568017,2
1525734596.580826,2
1525734596.593637,4
1525734596.606903,3
1525734596.619766,3
1525734596.633377,1
1525734596.646235,3
1525734596.658828,1
1525734596.671415,2
1525734596.684384,2
1525734596.697821,1
1525734596.710907,15
1525734596.723694,6
1525734596.736427,0
1525734596.749545,0
1525734596.762299,0
1525734596.775538,0
1525734596.788987,0
1525734596.802866,0
1525734596.816007,0
1525734596.829748,0
1525734596.842702,3
1525734596.855509,3
1525734596.868810,3
1525734596.881624,4
1525734596.894286,9
1525734596.906823,20
1525734596.919532,17
1525734596.932158,2
1525734596.944772,16
1525734596.957834,4
1525734596.970930,7
1525734596.983613,2
1525734596.996498,0
1525734597.009687,0
1525734597.023804,0
1525734597.039083,0
1525734597.052378,0
1525734597.066714,0
1525734597.081127,0
1525734597.095236,0
1525734597.108114,11
1525734597.120509,15
1525734597.133083,9
1525734597.146108,10
1525734597.159220,13
1525734597.171908,6
1525734597.184759,4
1525734597.197845,9
1525734597.210656,8
1525734597.223415,8
1525734597.236177,8
1525734597.249018,5
1525734597.261623,3
1525734597.274818,2
1525734597.288194,1
1525734597.301464,1
1525734597.314224,1
1525734597.327409,2
1525734597.340555,5
1525734597.353363,7
1525734597.366120,11
1525734597.379155,8
1525734597.391789,2
1525734597.404560,5
1525734597.417617,4
1525734597.431039,6
1525734597.444289,4
1525734597.457275,4
1525734597.470116,5
1525734597.482726,0
1525734597.495579,0
1525734597.509630,0
1525734597.523997,0
1525734597.538436,0
1525734597.551603,2
1525734597.564463,7
1525734597.577561,4
1525734597.590221,8
1525734597.603323,5
1525734597.616298,6
1525734597.629431,4
1525734597.642352,5
1525734597.655323,8
1525734597.668334,11
1525734597.681303,7
1525734597.693635,16
1525734597.706855,8
1525734597.719807,6
1525734597.732834,1
1525734597.745971,1
1525734597.758925,0
1525734597.771823,8
1525734597.784698,10
1525734597.797254,14
1525734597.809811,6
1525734597.822437,4
1525734597.835161,4
1525734597.847986,2
1525734597.861275,2
1525734597.874291,2
1525734597.887211,2
1525734597.899972,9
1525734597.912668,15
1525734597.925117,8
1525734597.937940,7
1525734597.950714,6
1525734597.963874,9
1525734597.976617,10
1525734597.989006,16
1525734598.001962,7
1525734598.014826,7
1525734598.028083,1
1525734598.040968,3
1525734598.054784,3
1525734598.067702,3
1525734598.080740,3
1525734598.093692,2
1525734598.107067,2
1525734598.119787,2
1525734598.133316,2
1525734598.146205,2
1525734598.160163,1
1525734598.173246,2
1525734598.186159,7
1525734598.198670,6
1525734598.211508,4
1525734598.224384,2
1525734598.237717,4
1525734598.250370,4
1525734598.263344,2
1525734598.276126,0
1525734598.288898,3
1525734598.303112,1
1525734598.315979,0
1525734598.328995,2
1525734598.341873,2
1525734598.354541,3
1525734598.367621,1
1525734598.380754,1
1525734598.393578,9
1525734598.406395,11
1525734598.419514,10
1525734598.432561,0
1525734598.447266,0
1525734598.460102,0
1525734598.473228,0
1525734598.486156,0
1525734598.499927,0
1525734598.513685,0
1525734598.527915,0
1525734598.540775,0
1525734598.554125,0
1525734598.568281,1
1525734598.581879,4
1525734598.595424,2
1525734598.608537,6
1525734598.621548,10
1525734598.634680,2
1525734598.647893,0
1525734598.661471,0
1525734598.674537,0
1525734598.687964,0
1525734598.701945,0
1525734598.715063,0
1525734598.728248,0
1525734598.741399,0
1525734598.754276,0
1525734598.767527,0
1525734598.779791,3
1525734598.792744,2
1525734598.805457,10
1525734598.818364,5
1525734598.831186,5
1525734598.843487,7
1525734598.856380,9
1525734598.869306,6
1525734598.882734,2
1525734598.895597,5
1525734598.908757,3
1525734598.921483,5
1525734598.934480,3
1525734598.947583,1
1525734598.960225,4
1525734598.972807,5
1525734598.987010,5
1525734599.000414,2
1525734599.013464,6
1525734599.026276,4
1525734599.039015,5
1525734599.051886,7
1525734599.064773,5
1525734599.077930,2
1525734599.090778,7
1525734599.103798,6
1525734599.116764,5
1525734599.129611,9
1525734599.142552,9
1525734599.155012,8
1525734599.168320,6
1525734599.181369,6
1525734599.194086,6
1525734599.207262,4
1525734599.219747,3
1525734599.232759,4
1525734599.245571,4
1525734599.258522,5
1525734599.271435,3
1525734599.284700,2
1525734599.299927,2
1525734599.313349,1
1525734599.326240,1
1525734599.339191,3
1525734599.352124,14
1525734599.365240,11
1525734599.378560,1
1525734599.391570,1
1525734599.404559,1
1525734599.417691,3
1525734599.430649,3
1525734599.443254,5
1525734599.455902,7
1525734599.468510,7
1525734599.481451,6
1525734599.494245,4
1525734599.507682,3
1525734599.520780,4
1525734599.533962,4
1525734599.547065,7
1525734599.560028,6
1525734599.572709,4
1525734599.585363,4
1525734599.598305,2
1525734599.611445,2
1525734599.624292,3
1525734599.638610,2
1525734599.651526,3
1525734599.664554,4
1525734599.677987,2
1525734599.690135,19
1525734599.702430,16
1525734599.714893,13
1525734599.727788,5
1525734599.740830,1
1525734599.754332,1
1525734599.767203,2
1525734599.779771,6
1525734599.792502,9
1525734599.805569,1
1525734599.818589,0
1525734599.831469,0
1525734599.844517,0
1525734599.858841,0
1525734599.871776,0
1525734599.884811,3
1525734599.898392,1
1525734599.911456,1
1525734599.923911,19
1525734599.936350,17
1525734599.948989,19
1525734599.961967,0
1525734599.975083,0
1525734599.987790,0
1525734600.001725,0
1525734600.015573,0
1525734600.029059,0
1525734600.042062,0
1525734600.055233,0
1525734600.068493,0
1525734600.082721,0
1525734600.096009,0
1525734600.108787,8
1525734600.122014,3
1525734600.134841,7
1525734600.149118,3
1525734600.162419,3
1525734600.175573,4
1525734600.188875,1
1525734600.202571,11
1525734600.215630,7
1525734600.228747,8
1525734600.241526,2
1525734600.254531,2
1525734600.267747,2
1525734600.281471,2
1525734600.295284,2
1525734600.308414,1
1525734600.321475,8
1525734600.334070,14
1525734600.347088,5
1525734600.359748,3
1525734600.373062,3
1525734600.385730,2
1525734600.398807,3
1525734600.411670,4
1525734600.424477,2
1525734600.437631,3
1525734600.450737,4
1525734600.463468,13
1525734600.476213,5
1525734600.489746,4
1525734600.502187,2
1525734600.515116,1
1525734600.528362,2
1525734600.541760,2
1525734600.555211,4
1525734600.568519,17
1525734600.581455,12
1525734600.594181,8
1525734600.606979,6
1525734600.619742,4
1525734600.632373,2
1525734600.646140,1
1525734600.658870,2
1525734600.672172,2
1525734600.685009,2
1525734600.700638,2
1525734600.714635,2
1525734600.727973,1
1525734600.741130,1
1525734600.754078,1
1525734600.767277,5
1525734600.780252,4
1525734600.793960,2
1525734600.808226,11
1525734600.820611,7
1525734600.833176,6
1525734600.846140,3
1525734600.858982,2
1525734600.871894,2
1525734600.884762,2
1525734600.899995,1
1525734600.912905,2
1525734600.925781,2
1525734600.938635,1
1525734600.951395,3
1525734600.964378,4
1525734600.980476,5
1525734600.993512,12
1525734601.006079,13
1525734601.018514,3
1525734601.031251,3
1525734601.043932,2
1525734601.057002,1
1525734601.069744,3
1525734601.082537,2
1525734601.095635,3
1525734601.108665,2
1525734601.122584,1
1525734601.135598,1
1525734601.148783,0
1525734601.161885,0
1525734601.174676,3
1525734601.187193,11
1525734601.199575,14
1525734601.212748,8
1525734601.225604,5
1525734601.238323,15
1525734601.250684,1
1525734601.263233,0
1525734601.276252,0
1525734601.290219,0
1525734601.303094,0
1525734601.316160,0
1525734601.329619,0
1525734601.343383,0
1525734601.356311,0
1525734601.369473,0
1525734601.382411,0
1525734601.395060,5
1525734601.408105,21
1525734601.420543,14
1525734601.433342,8
1525734601.445915,2
1525734601.458705,1
1525734601.471361,1
1525734601.484482,2
1525734601.497625,1
1525734601.510238,2
1525734601.523297,2
1525734601.535871,3
1525734601.549071,2
1525734601.561942,2
1525734601.574628,3
1525734601.588053,2
1525734601.602420,1
1525734601.615152,3
1525734601.628083,3
1525734601.641461,3
1525734601.654079,1
1525734601.667311,1
1525734601.680202,1
1525734601.693778,1
1525734601.706923,1
1525734601.719857,1
1525734601.732669,1
1525734601.745787,1
1525734601.759077,1
1525734601.772509,0
1525734601.786980,0
1525734601.799940,0
1525734601.813075,3
1525734601.825470,15
1525734601.838077,12
1525734601.850774,9
1525734601.863669,7
1525734601.876329,5
1525734601.889169,7
1525734601.901891,4
1525734601.914694,6
1525734601.927826,4
1525734601.940761,5
1525734601.953557,4
1525734601.966308,4
1525734601.979474,2
1525734601.992307,3
1525734602.006941,5
1525734602.019946,3
1525734602.032831,3
1525734602.045619,4
1525734602.059085,4
1525734602.071778,11
1525734602.084303,11
1525734602.097468,5
1525734602.109922,7
1525734602.122907,7
1525734602.135538,7
1525734602.148454,6
1525734602.161628,6
1525734602.174314,13
1525734602.187539,5
1525734602.200358,5
1525734602.213166,4
1525734602.225643,5
1525734602.238763,8
1525734602.251916,2
1525734602.264759,12
1525734602.277872,4
1525734602.290928,4
1525734602.303833,3
1525734602.317130,4
1525734602.330224,4
1525734602.343265,2
1525734602.355677,3
1525734602.369407,2
1525734602.382486,2
1525734602.395187,1
1525734602.407994,1
1525734602.420969,1
1525734602.434245,1
1525734602.447699,4
1525734602.459921,17
1525734602.472394,15
1525734602.485093,5
1525734602.498121,3
1525734602.511054,6
1525734602.523976,2
1525734602.538007,2
1525734602.550785,4
1525734602.563856,9
1525734602.576898,4
1525734602.589678,3
1525734602.602937,2
1525734602.616037,1
1525734602.628981,0
1525734602.641913,0
1525734602.654656,0
1525734602.667844,3
1525734602.680505,6
1525734602.693337,8
1525734602.706222,9
1525734602.719016,1
1525734602.732221,1
1525734602.745753,1
1525734602.760111,1
1525734602.772981,1
1525734602.785946,1
1525734602.799301,2
1525734602.813451,2
1525734602.826183,3
1525734602.839187,2
1525734602.852157,2
1525734602.865921,2
1525734602.879004,2
1525734602.891964,4
1525734602.904511,17
1525734602.918062,4
1525734602.930901,10
1525734602.943842,10
1525734602.956891,3
1525734602.969391,3
1525734602.982306,1
1525734602.994902,0
1525734603.009183,0
1525734603.023249,0
1525734603.036100,0
1525734603.049169,0
1525734603.062098,0
1525734603.075050,0
1525734603.088450,4
1525734603.101450,12
1525734603.114136,5
1525734603.127133,4
1525734603.139953,3
1525734603.152656,2
1525734603.165672,3
1525734603.178612,5
1525734603.191270,5
1525734603.204015,4
1525734603.216721,0
1525734603.229667,0
1525734603.242480,0
1525734603.256792,0
1525734603.271092,0
1525734603.286189,0
1525734603.299443,5
1525734603.312440,6
1525734603.325263,3
1525734603.338142,5
1525734603.351385,6
1525734603.364971,7
1525734603.378091,4
1525734603.390697,8
1525734603.403422,8
1525734603.416260,5
1525734603.429060,11
1525734603.441850,11
1525734603.454531,8
1525734603.467593,9
1525734603.480321,8
1525734603.493011,4
1525734603.506028,5
1525734603.518611,9
1525734603.531545,6
1525734603.544414,7
1525734603.564805,8
1525734603.577536,9
1525734603.590143,4
1525734603.603174,7
1525734603.615809,8
1525734603.628830,5
1525734603.641989,5
1525734603.654859,1
1525734603.667404,13
1525734603.680327,2
1525734603.693228,8
1525734603.705997,6
1525734603.718785,6
1525734603.731874,5
1525734603.744293,13
1525734603.757316,5
1525734603.770254,6
1525734603.783137,7
1525734603.796190,7
1525734603.809373,6
1525734603.822339,7
1525734603.835285,6
1525734603.848612,3
1525734603.862723,4
1525734603.875748,1
1525734603.888579,4
1525734603.901995,7
1525734603.914986,5
1525734603.927832,2
1525734603.940568,5
1525734603.953472,6
1525734603.966255,5
1525734603.979826,3
1525734603.992635,4
1525734604.007196,5
1525734604.019863,4
1525734604.032827,3
1525734604.045852,4
1525734604.058895,4
1525734604.071664,6
1525734604.084732,5
1525734604.097781,2
1525734604.110486,3
1525734604.123259,2
1525734604.136027,2
1525734604.149578,1
1525734604.162831,14
1525734604.175603,11
1525734604.188660,9
1525734604.201386,13
1525734604.214176,7
1525734604.227146,4
1525734604.239767,6
1525734604.252472,6
1525734604.264914,13
1525734604.278198,5
1525734604.290725,8
1525734604.303583,7
1525734604.316802,7
1525734604.329519,4
1525734604.342445,6
1525734604.355530,5
1525734604.369000,4
1525734604.382869,3
1525734604.395462,10
1525734604.408405,13
1525734604.420631,5
1525734604.433575,4
1525734604.447186,3
1525734604.460049,10
1525734604.472569,6
1525734604.485137,7
1525734604.499475,6
1525734604.512461,8
1525734604.525462,9
1525734604.538460,4
1525734604.551071,3
1525734604.564155,3
1525734604.577277,2
1525734604.589958,2
1525734604.602924,1
1525734604.615741,5
1525734604.629564,3
1525734604.642557,0
1525734604.655292,0
1525734604.668166,2
1525734604.681846,0
1525734604.694416,0
1525734604.707506,0
1525734604.720385,0
1525734604.733034,3
1525734604.747295,1
1525734604.760120,5
1525734604.772793,7
1525734604.785351,3
1525734604.798447,6
1525734604.811502,2
1525734604.824461,3
1525734604.838565,2
1525734604.851496,1
1525734604.864899,1
1525734604.877919,8
1525734604.890924,6
1525734604.904179,13
1525734604.916807,19
1525734604.929331,4
1525734604.942307,3
1525734604.954972,0
1525734604.968128,0
1525734604.982220,0
1525734604.995013,0
1525734605.008065,1
1525734605.022863,2
1525734605.036074,5
1525734605.048610,3
1525734605.061954,1
1525734605.074910,1
1525734605.088293,7
1525734605.102534,2
1525734605.115771,2
1525734605.128813,2
1525734605.141180,15
1525734605.154124,18
1525734605.166578,17
1525734605.179736,0
1525734605.193834,0
1525734605.208619,0
1525734605.222788,0
1525734605.237065,0
1525734605.249942,0
1525734605.262865,0
1525734605.275694,0
1525734605.289008,0
1525734605.301571,7
1525734605.314421,7
1525734605.327543,4
1525734605.340511,8
1525734605.353441,12
1525734605.366945,2
1525734605.379815,2
1525734605.392684,1
1525734605.405388,1
1525734605.418593,1
1525734605.432467,1
1525734605.447038,0
1525734605.460036,0
1525734605.473020,0
1525734605.487894,0
1525734605.501113,0
1525734605.513760,0
1525734605.526849,0
1525734605.540168,2
1525734605.553189,2
1525734605.565605,19
1525734605.577934,17
1525734605.589999,11
1525734605.602370,5
1525734605.615287,7
1525734605.628101,5
1525734605.641020,5
1525734605.653994,5
1525734605.667149,5
1525734605.679858,4
1525734605.692757,4
1525734605.705757,5
1525734605.718863,4
1525734605.731729,6
1525734605.744299,9
1525734605.757561,8
1525734605.770109,19
1525734605.783049,3
1525734605.796115,3
1525734605.809025,5
1525734605.821773,12
1525734605.834162,17
1525734605.847279,0
1525734605.860349,0
1525734605.874230,0
1525734605.888458,0
1525734605.903263,0
1525734605.917053,0
1525734605.932175,0
1525734605.945018,0
1525734605.959430,0
1525734605.973118,13
1525734605.985947,4
1525734605.998894,9
1525734606.011870,8
1525734606.024778,10
1525734606.037664,4
1525734606.050402,16
1525734606.062987,5
1525734606.076008,3
1525734606.088931,4
1525734606.101544,6
1525734606.114896,3
1525734606.127751,2
1525734606.140789,7
1525734606.153619,6
1525734606.166861,5
1525734606.180178,5
1525734606.193214,12
1525734606.206177,3
1525734606.218756,4
1525734606.231748,6
1525734606.244403,5
1525734606.257569,3
1525734606.270135,5
1525734606.282862,4
1525734606.295713,2
1525734606.308244,2
1525734606.321238,1
1525734606.334185,2
1525734606.347573,2
1525734606.360596,1
1525734606.373559,1
1525734606.386503,1
1525734606.399005,6
1525734606.411501,10
1525734606.424218,12
1525734606.436978,13
1525734606.449530,0
1525734606.463527,0
1525734606.476588,0
1525734606.490703,0
1525734606.504754,0
1525734606.519260,0
1525734606.532871,0
1525734606.547265,0
1525734606.560943,0
1525734606.576896,0
1525734606.589857,0
1525734606.605248,4
1525734606.618237,4
1525734606.631132,4
1525734606.643363,14
1525734606.655977,11
1525734606.668858,7
1525734606.681548,9
1525734606.694725,4
1525734606.707727,3
1525734606.720394,3
1525734606.733913,4
1525734606.746533,3
1525734606.759211,5
1525734606.772136,4
1525734606.784903,5
1525734606.798019,5
1525734606.811038,3
1525734606.823968,6
1525734606.836722,2
1525734606.849632,11
1525734606.862873,10
1525734606.876619,10
1525734606.889746,1
1525734606.902532,0
1525734606.915784,0
1525734606.929628,0
1525734606.943970,0
1525734606.957275,0
1525734606.970013,0
1525734606.982766,0
1525734606.997009,0
1525734607.011170,0
1525734607.023879,4
1525734607.037554,2
1525734607.049789,17
1525734607.062302,17
1525734607.074860,9
1525734607.087393,13
1525734607.100645,10
1525734607.113594,6
1525734607.126504,5
1525734607.139383,4
1525734607.152060,3
1525734607.165101,2
1525734607.178855,1
1525734607.191546,1
1525734607.205012,1
1525734607.219330,2
1525734607.232095,1
1525734607.244654,4
1525734607.257179,3
1525734607.269834,7
1525734607.282619,10
1525734607.295487,7
1525734607.308464,7
1525734607.321051,3
1525734607.333747,3
1525734607.346594,4
1525734607.359652,4
1525734607.372496,8
1525734607.385216,5
1525734607.398313,5
1525734607.411103,5
1525734607.424169,4
1525734607.437527,3
1525734607.450496,5
1525734607.463150,6
1525734607.475721,17
1525734607.488511,12
1525734607.501023,11
1525734607.513658,1
1525734607.526840,0
1525734607.540725,0
1525734607.555167,0
1525734607.568198,0
1525734607.582209,0
1525734607.594940,0
1525734607.607932,0
1525734607.620901,0
1525734607.633949,0
1525734607.647077,0
1525734607.660541,0
1525734607.674643,0
1525734607.687737,2
1525734607.701083,12
1525734607.713915,8
1525734607.727066,3
1525734607.739757,5
1525734607.752675,5
1525734607.765358,6
1525734607.778309,5
1525734607.791526,6
1525734607.804638,3
1525734607.818588,3
1525734607.831350,4
1525734607.844250,2
1525734607.857894,1
1525734607.871209,5
1525734607.884816,4
1525734607.897802,4
1525734607.911067,13
1525734607.923514,17
1525734607.936102,12
1525734607.948770,10
1525734607.961878,11
1525734607.975198,11
1525734607.987766,13
1525734608.000893,2
1525734608.013994,1
1525734608.027306,0
1525734608.040099,0
1525734608.053202,0
1525734608.065929,0
1525734608.079918,0
1525734608.093938,0
1525734608.107145,4
1525734608.119702,13
1525734608.132554,7
1525734608.145651,5
1525734608.158708,5
1525734608.179227,4
1525734608.198626,8
1525734608.211486,4
1525734608.236585,0
1525734608.250406,0
1525734608.264280,0
1525734608.279184,0
1525734608.293369,0
1525734608.308520,0
1525734608.321131,0
1525734608.338360,0
1525734608.358503,7
1525734608.371669,8
1525734608.388889,0
1525734608.402505,0
1525734608.416146,0
1525734608.430181,0
1525734608.443934,0
1525734608.457511,0
1525734608.478706,0
1525734608.491484,0
1525734608.505837,0
1525734608.520927,0
1525734608.534910,0
1525734608.548054,0
1525734608.561215,0
1525734608.576500,0
1525734608.590929,0
1525734608.608679,0
1525734608.621703,0
1525734608.635375,0
1525734608.649623,0
1525734608.664032,0
1525734608.679660,0
1525734608.693762,0
1525734608.706951,0
1525734608.721179,0
1525734608.735327,0
1525734608.748798,0
1525734608.768598,0
1525734608.782410,0
1525734608.796487,0
1525734608.810872,0
1525734608.824431,0
1525734608.839585,0
1525734608.852607,0
1525734608.866823,0
1525734608.879669,0
1525734608.894188,0
1525734608.909907,0
1525734608.923064,0
1525734608.936037,0
1525734608.950141,0
1525734608.964981,0
1525734608.979448,0
1525734608.993066,0
1525734609.007348,0
1525734609.021522,0
1525734609.035239,0
1525734609.050596,0
1525734609.065002,0
1525734609.078933,0
1525734609.093904,0
1525734609.108057,0
1525734609.123164,0
1525734609.136372,0
1525734609.150251,0
1525734609.164048,0
1525734609.180026,0
1525734609.192974,0
1525734609.206959,0
1525734609.221250,0
1525734609.236127,0
1525734609.250641,0
1525734609.265895,0
1525734609.279332,0
1525734609.293231,0
1525734609.307797,0
1525734609.322105,0
1525734609.337349,0
1525734609.351050,0
1525734609.366649,0
1525734609.380680,0
1525734609.394305,0
1525734609.409061,0
1525734609.424236,0
1525734609.437045,0
1525734609.450904,0
1525734609.465124,0
1525734609.480979,0
1525734609.494130,0
1525734609.508241,0
1525734609.523854,0
1525734609.537176,0
1525734609.551270,0
1525734609.565376,0
1525734609.580489,0
1525734609.593496,0
1525734609.607718,0
1525734609.622380,0
1525734609.638259,0
1525734609.651351,0
1525734609.665398,0
1525734609.679073,0
1525734609.694201,0
1525734609.710071,0
1525734609.724852,0
1525734609.737977,0
1525734609.752025,0
1525734609.767695,0
1525734609.780577,0
1525734609.794692,0
1525734609.810251,0
1525734609.824170,0
1525734609.839908,0
1525734609.853100,0
1525734609.867419,0
1525734609.882089,0
1525734609.897944,0
1525734609.911000,0
1525734609.925067,0
1525734609.939614,0
1525734609.954915,0
1525734609.968176,0
1525734609.982303,0
1525734609.996564,0
1525734610.011770,0
1525734610.025713,0
1525734610.040300,0
1525734610.053297,0
1525734610.067269,0
1525734610.082295,0
1525734610.098176,0
1525734610.111278,0
1525734610.125102,0
1525734610.139545,0
1525734610.154070,0
1525734610.170082,0
1525734610.183188,0
1525734610.196811,0
1525734610.210836,0
1525734610.226110,0
1525734610.241897,0
1525734610.254938,0
1525734610.268616,0
1525734610.282784,0
1525734610.298044,0
1525734610.313213,0
1525734610.326735,0
1525734610.340986,0
1525734610.356113,0
1525734610.369979,0
1525734610.382930,0
1525734610.395612,0
1525734610.409362,0
1525734610.423318,0
1525734610.437431,0
1525734610.451475,0
1525734610.465730,0
1525734610.480145,0
1525734610.494709,0
1525734610.508790,0
1525734610.522850,0
1525734610.537807,0
1525734610.552808,0
1525734610.565370,0
1525734610.578635,0
1525734610.593307,0
1525734610.608339,0
1525734610.620976,0
1525734610.634713,0
1525734610.649984,0
1525734610.664988,0
1525734610.679214,0
1525734610.693828,0
1525734610.707543,0
1525734610.722023,0
1525734610.737719,0
1525734610.751666,0
1525734610.765680,0
1525734610.779444,0
1525734610.794224,0
1525734610.809891,0
1525734610.823115,0
1525734610.837207,0
1525734610.851179,0
1525734610.865501,0
1525734610.881372,0
1525734610.894419,0
1525734610.909756,0
1525734610.923881,0
1525734610.939421,0
1525734610.952482,0
1525734610.966965,0
1525734610.980451,0
1525734610.995855,0
1525734611.008536,0
1525734611.022388,0
1525734611.037059,0
1525734611.051888,0
1525734611.066521,0
1525734611.081038,0
1525734611.095287,0
1525734611.109055,0
1525734611.124126,0
1525734611.137319,0
1525734611.151202,0
1525734611.165365,0
