1525733087.101684,0
1525733087.114524,17
1525733087.127418,9
1525733087.140722,9
1525733087.153747,8
1525733087.166344,3
1525733087.179355,5
1525733087.191975,7
1525733087.204676,6
1525733087.217405,5
1525733087.230474,2
1525733087.244068,2
1525733087.257004,3
1525733087.269722,3
1525733087.283346,1
1525733087.296450,2
1525733087.309252,1
1525733087.322521,2
1525733087.335700,4
1525733087.348563,5
1525733087.361406,15
1525733087.374446,5
1525733087.387161,4
1525733087.400267,2
1525733087.413359,6
1525733087.426476,3
1525733087.439325,2
1525733087.452100,4
1525733087.465260,3
1525733087.479005,3
1525733087.492012,3
1525733087.505076,2
1525733087.518944,2
1525733087.533064,2
1525733087.546217,3
1525733087.559304,3
1525733087.572503,13
1525733087.585507,3
1525733087.598902,5
1525733087.612403,3
1525733087.625633,3
1525733087.638346,1
1525733087.651618,1
1525733087.664221,3
1525733087.677102,5
1525733087.690062,13
1525733087.703296,2
1525733087.716966,2
1525733087.729663,2
1525733087.742689,1
1525733087.755662,1
1525733087.768828,3
1525733087.781882,2
1525733087.794413,5
1525733087.807218,1
1525733087.820580,2
1525733087.833958,1
1525733087.847801,1
1525733087.860777,0
1525733087.873740,0
1525733087.886924,0
1525733087.900695,0
1525733087.913431,4
1525733087.927766,6
1525733087.941468,1
1525733087.954460,1
1525733087.968245,1
1525733087.981272,2
1525733087.994059,3
1525733088.006811,13
1525733088.019217,11
1525733088.032032,2
1525733088.044762,1
1525733088.057695,1
1525733088.070966,0
1525733088.083941,0
1525733088.096682,0
1525733088.109650,0
1525733088.122401,6
1525733088.135583,3
1525733088.148572,4
1525733088.163180,1
1525733088.176165,5
1525733088.188870,4
1525733088.201813,3
1525733088.214525,3
1525733088.227015,17
1525733088.239546,11
1525733088.252453,8
1525733088.265418,6
1525733088.278293,3
1525733088.291387,8
1525733088.304410,6
1525733088.317156,5
1525733088.330329,3
1525733088.343450,6
1525733088.356345,5
1525733088.369097,7
1525733088.382708,6
1525733088.396134,5
1525733088.409007,2
1525733088.421928,2
1525733088.434934,2
1525733088.447677,2
1525733088.460883,1
1525733088.473367,0
1525733088.486343,0
1525733088.499750,0
1525733088.512697,0
1525733088.526156,0
1525733088.540890,0
1525733088.553820,0
1525733088.567028,0
1525733088.580197,3
1525733088.593129,10
1525733088.605866,6
1525733088.619065,6
1525733088.632604,1
1525733088.645729,8
1525733088.658705,5
1525733088.671602,6
1525733088.684561,4
1525733088.697419,6
1525733088.712024,1
1525733088.725173,2
1525733088.738548,1
1525733088.752532,2
1525733088.765643,2
1525733088.778604,2
1525733088.791777,7
1525733088.804090,15
1525733088.816805,17
1525733088.829437,16
1525733088.842298,3
1525733088.855172,5
1525733088.868100,4
1525733088.881144,2
1525733088.894320,7
1525733088.907389,4
1525733088.920277,1
1525733088.933441,2
1525733088.947456,4
1525733088.961982,1
1525733088.974937,0
1525733088.988878,0
1525733089.002129,0
1525733089.015152,4
1525733089.027672,13
1525733089.040695,13
1525733089.053521,2
1525733089.066245,4
1525733089.079187,9
1525733089.093401,0
1525733089.106773,0
1525733089.120880,0
1525733089.135340,0
1525733089.148970,0
1525733089.162942,0
1525733089.178165,0
1525733089.191273,0
1525733089.203808,0
1525733089.217307,0
1525733089.231773,4
1525733089.244680,13
1525733089.257541,10
1525733089.271013,7
1525733089.284118,12
1525733089.297004,3
1525733089.310002,1
1525733089.323488,1
1525733089.336059,1
1525733089.349025,0
1525733089.362808,0
1525733089.377113,0
1525733089.390718,0
1525733089.403777,0
1525733089.416793,0
1525733089.429711,0
1525733089.442711,2
1525733089.455472,11
1525733089.468268,5
1525733089.481429,2
1525733089.494027,7
1525733089.507171,11
1525733089.519778,6
1525733089.532739,7
1525733089.546090,5
1525733089.559088,2
1525733089.572347,2
1525733089.585287,2
1525733089.598108,3
1525733089.612402,2
1525733089.624991,1
1525733089.637642,1
1525733089.650802,2
1525733089.663556,5
1525733089.676197,9
1525733089.688757,9
1525733089.702075,4
1525733089.715890,2
1525733089.729229,2
1525733089.743380,1
1525733089.756477,1
1525733089.769657,1
1525733089.783303,3
1525733089.795910,3
1525733089.809143,3
1525733089.822405,1
1525733089.835224,1
1525733089.848193,2
1525733089.861648,1
1525733089.874475,3
1525733089.887517,2
1525733089.900791,6
1525733089.913672,6
1525733089.926257,6
1525733089.939019,3
1525733089.952448,3
1525733089.965284,5
1525733089.978234,5
1525733089.991007,2
1525733090.004144,2
1525733090.017136,5
1525733090.030925,6
1525733090.044024,3
1525733090.057018,2
1525733090.070346,1
1525733090.083577,1
1525733090.096088,0
1525733090.109422,0
1525733090.122443,4
1525733090.135372,14
1525733090.147986,14
1525733090.160686,11
1525733090.173346,4
1525733090.186401,5
1525733090.199288,6
1525733090.212572,2
1525733090.225835,6
1525733090.238648,4
1525733090.251356,4
1525733090.264113,6
1525733090.277054,4
1525733090.289786,3
1525733090.304248,4
1525733090.317245,5
1525733090.330099,15
1525733090.343142,12
1525733090.356115,6
1525733090.369088,3
1525733090.382108,3
1525733090.395409,4
1525733090.408438,3
1525733090.421576,3
1525733090.435565,1
1525733090.448356,1
1525733090.461472,1
1525733090.474197,0
1525733090.487326,0
1525733090.500030,0
1525733090.512720,0
1525733090.526534,1
1525733090.539460,3
1525733090.551986,11
1525733090.564538,16
1525733090.576974,13
1525733090.590280,8
1525733090.603084,4
1525733090.615786,6
1525733090.629238,4
1525733090.642166,4
1525733090.654887,5
1525733090.667760,6
1525733090.680981,6
1525733090.694055,3
1525733090.706877,3
1525733090.719826,4
1525733090.732883,1
1525733090.745707,1
1525733090.760958,3
1525733090.773630,7
1525733090.786183,10
1525733090.799300,8
1525733090.812088,6
1525733090.825058,0
1525733090.839420,0
1525733090.852447,0
1525733090.866696,0
1525733090.879758,0
1525733090.893599,0
1525733090.906664,0
1525733090.920800,0
1525733090.933352,0
1525733090.946373,0
1525733090.959278,0
1525733090.972751,1
1525733090.985862,3
1525733090.998660,3
1525733091.011756,5
1525733091.024658,5
1525733091.037425,15
1525733091.050526,2
1525733091.064473,1
1525733091.077332,1
1525733091.090428,0
1525733091.104581,0
1525733091.117552,0
1525733091.130735,0
1525733091.143902,0
1525733091.156975,0
1525733091.174578,0
1525733091.187717,10
1525733091.201040,9
1525733091.213885,2
1525733091.227370,6
1525733091.240290,6
1525733091.252973,6
1525733091.265998,2
1525733091.279522,5
1525733091.292617,3
1525733091.305524,3
1525733091.318468,3
1525733091.331485,3
1525733091.344506,3
1525733091.357214,3
1525733091.370330,3
1525733091.383047,2
1525733091.397135,4
1525733091.410475,2
1525733091.423396,4
1525733091.436195,5
1525733091.449137,4
1525733091.462033,12
1525733091.474761,4
1525733091.487225,6
1525733091.500292,5
1525733091.513306,6
1525733091.526134,7
1525733091.538734,5
1525733091.552087,5
1525733091.565824,3
1525733091.579629,3
1525733091.592297,2
1525733091.605585,2
1525733091.618531,2
1525733091.631698,6
1525733091.644339,10
1525733091.657512,6
1525733091.670365,13
1525733091.683052,10
1525733091.695568,2
1525733091.708207,2
1525733091.721592,2
1525733091.734633,1
1525733091.747490,2
1525733091.760309,2
1525733091.773135,2
1525733091.786248,3
1525733091.798982,8
1525733091.811923,7
1525733091.824726,5
1525733091.837326,5
1525733091.850229,6
1525733091.863004,5
1525733091.875463,5
1525733091.887981,16
1525733091.901129,5
1525733091.914241,3
1525733091.927315,2
1525733091.940207,2
1525733091.953277,1
1525733091.967711,1
1525733091.980767,2
1525733091.993826,3
1525733092.007014,1
1525733092.019693,3
1525733092.032669,4
1525733092.048145,2
1525733092.061078,4
1525733092.073806,15
1525733092.086400,8
1525733092.099636,3
1525733092.112627,7
1525733092.125697,4
1525733092.138480,7
1525733092.151492,4
1525733092.164048,4
1525733092.177071,7
1525733092.189652,9
1525733092.202339,5
1525733092.215559,4
1525733092.228498,5
1525733092.241483,5
1525733092.254308,6
1525733092.266998,4
1525733092.279713,4
1525733092.292857,9
1525733092.305309,4
1525733092.317894,8
1525733092.332060,9
1525733092.344871,9
1525733092.357498,5
1525733092.370019,5
1525733092.383103,6
1525733092.397331,4
1525733092.410817,2
1525733092.424055,1
1525733092.436881,1
1525733092.450252,3
1525733092.463313,15
1525733092.475976,15
1525733092.488646,0
1525733092.502070,0
1525733092.516400,0
1525733092.532205,0
1525733092.545520,0
1525733092.558539,4
1525733092.571664,11
1525733092.584707,5
1525733092.598021,7
1525733092.610934,5
1525733092.624217,4
1525733092.637277,6
1525733092.650688,5
1525733092.663623,2
1525733092.676575,5
1525733092.689789,2
1525733092.702211,15
1525733092.714796,12
1525733092.727721,5
1525733092.741085,1
1525733092.753902,1
1525733092.767663,0
1525733092.780755,0
1525733092.794232,0
1525733092.807007,8
1525733092.820304,14
1525733092.832708,12
1525733092.845594,7
1525733092.858045,9
1525733092.871275,7
1525733092.883907,5
1525733092.897318,6
1525733092.910436,6
1525733092.923823,20
1525733092.936651,9
1525733092.949112,6
1525733092.962413,7
1525733092.975227,2
1525733092.988190,5
1525733093.001330,4
1525733093.014176,5
1525733093.026940,2
1525733093.039693,1
1525733093.052692,2
1525733093.068340,3
1525733093.081513,0
1525733093.094417,0
1525733093.107810,0
1525733093.120706,0
1525733093.133590,0
1525733093.146712,3
1525733093.159551,16
1525733093.172296,10
1525733093.185484,0
1525733093.200052,0
1525733093.213800,0
1525733093.228043,0
1525733093.242955,0
1525733093.258117,0
1525733093.271461,0
1525733093.284245,0
1525733093.297231,12
1525733093.310366,15
1525733093.322901,12
1525733093.335645,11
1525733093.349402,5
1525733093.362465,7
1525733093.375196,14
1525733093.387703,16
1525733093.401057,7
1525733093.413502,8
1525733093.426633,7
1525733093.439597,6
1525733093.452196,1
1525733093.465176,2
1525733093.478800,2
1525733093.492808,1
1525733093.505868,3
1525733093.518934,2
1525733093.531512,8
1525733093.544298,7
1525733093.557122,9
1525733093.570493,4
1525733093.583459,3
1525733093.596234,5
1525733093.609436,10
1525733093.622415,5
1525733093.635542,3
1525733093.648424,4
1525733093.661475,3
1525733093.674300,3
1525733093.687307,3
1525733093.700017,3
1525733093.713338,1
1525733093.726110,3
1525733093.738859,1
1525733093.752325,2
1525733093.764994,14
1525733093.778234,8
1525733093.791069,5
1525733093.804047,6
1525733093.818222,3
1525733093.830984,3
1525733093.843497,5
1525733093.856301,2
1525733093.869114,1
1525733093.883845,2
1525733093.896685,1
1525733093.909621,1
1525733093.923219,1
1525733093.937125,1
1525733093.950403,1
1525733093.963416,1
1525733093.976130,1
1525733093.988970,3
1525733094.002002,3
1525733094.014478,9
1525733094.027463,12
1525733094.040981,6
1525733094.053512,7
1525733094.066585,4
1525733094.079291,3
1525733094.092211,3
1525733094.104516,6
1525733094.117594,2
1525733094.130662,5
1525733094.143184,16
1525733094.155967,4
1525733094.168881,5
1525733094.181769,4
1525733094.194534,5
1525733094.207271,3
1525733094.220437,7
1525733094.233292,5
1525733094.246088,9
1525733094.259003,4
1525733094.271844,4
1525733094.284957,3
1525733094.297639,5
1525733094.310805,2
1525733094.323832,1
1525733094.337002,0
1525733094.350480,0
1525733094.364721,0
1525733094.377845,0
1525733094.391203,0
1525733094.404622,0
1525733094.417727,0
1525733094.430710,0
1525733094.443610,0
1525733094.456453,0
1525733094.469035,3
1525733094.482312,5
1525733094.495256,14
1525733094.507799,13
1525733094.521023,2
1525733094.534039,5
1525733094.546647,6
1525733094.559674,8
1525733094.572897,4
1525733094.585949,6
1525733094.598992,12
1525733094.611964,7
1525733094.625506,6
1525733094.640564,2
1525733094.653317,4
1525733094.667075,1
1525733094.680366,2
1525733094.693053,3
1525733094.705755,4
1525733094.718552,21
1525733094.731228,5
1525733094.744177,6
1525733094.757082,1
1525733094.770328,3
1525733094.783126,3
1525733094.796311,6
1525733094.809061,12
1525733094.821772,14
1525733094.834591,5
1525733094.847496,5
1525733094.860433,5
1525733094.873242,3
1525733094.886331,4
1525733094.899498,2
1525733094.912303,4
1525733094.925423,11
1525733094.937771,15
1525733094.952246,4
1525733094.965139,4
1525733094.978047,3
1525733094.990983,4
1525733095.003783,3
1525733095.016997,5
1525733095.029763,13
1525733095.042398,10
1525733095.055153,0
1525733095.068314,0
1525733095.081140,0
1525733095.094936,0
1525733095.108075,0
1525733095.121315,0
1525733095.134039,2
1525733095.147039,2
1525733095.160327,3
1525733095.173472,2
1525733095.186639,2
1525733095.201356,3
1525733095.214621,3
1525733095.227547,3
1525733095.240690,2
1525733095.253430,2
1525733095.267117,3
1525733095.281536,2
1525733095.294700,14
1525733095.307675,1
1525733095.320781,0
1525733095.338783,0
1525733095.352561,3
1525733095.365255,6
1525733095.377998,2
1525733095.391394,2
1525733095.404570,1
1525733095.417978,0
1525733095.432234,0
1525733095.445260,0
1525733095.458471,0
1525733095.471780,0
1525733095.484923,0
1525733095.498400,0
1525733095.513161,0
1525733095.526164,0
1525733095.539285,0
1525733095.553163,3
1525733095.566077,15
1525733095.578978,7
1525733095.591893,8
1525733095.604940,1
1525733095.617868,2
1525733095.632002,1
1525733095.644997,3
1525733095.657634,15
1525733095.670337,8
1525733095.682916,5
1525733095.695968,6
1525733095.708747,3
1525733095.721729,2
1525733095.734682,1
1525733095.747659,0
1525733095.760823,3
1525733095.773797,6
1525733095.786524,5
1525733095.799799,2
1525733095.813468,2
1525733095.826547,2
1525733095.839642,3
1525733095.852707,3
1525733095.865642,3
1525733095.879551,2
1525733095.892611,2
1525733095.905591,2
1525733095.918638,1
1525733095.931718,6
1525733095.944837,3
1525733095.958164,2
1525733095.971390,2
1525733095.984427,2
1525733095.997108,9
1525733096.011419,3
1525733096.024662,5
1525733096.037873,2
1525733096.052190,3
1525733096.065445,4
1525733096.078857,2
1525733096.091751,1
1525733096.104683,2
1525733096.117630,2
1525733096.131840,1
1525733096.145496,2
1525733096.158363,3
1525733096.171691,2
1525733096.184558,3
1525733096.197859,2
1525733096.211119,3
1525733096.224070,7
1525733096.236636,7
1525733096.249647,4
1525733096.262683,5
1525733096.276057,2
1525733096.289150,12
1525733096.301925,15
1525733096.314798,8
1525733096.327408,2
1525733096.340278,2
1525733096.353736,1
1525733096.367181,1
1525733096.380378,4
1525733096.393312,3
1525733096.406658,8
1525733096.419398,13
1525733096.432342,6
1525733096.445441,4
1525733096.459166,5
1525733096.472017,3
1525733096.484806,6
1525733096.497199,11
1525733096.510231,4
1525733096.523717,3
1525733096.536578,7
1525733096.549627,6
1525733096.562586,5
1525733096.575494,0
1525733096.588540,0
1525733096.602407,0
1525733096.615228,0
1525733096.628118,0
1525733096.641182,0
1525733096.654140,0
1525733096.667172,0
1525733096.680412,1
1525733096.694933,0
1525733096.709289,4
1525733096.723388,4
1525733096.736600,9
1525733096.749388,5
1525733096.764019,5
1525733096.777101,3
1525733096.790036,12
1525733096.803207,6
1525733096.816098,4
1525733096.829118,3
1525733096.842337,4
1525733096.855245,5
1525733096.867900,2
1525733096.881247,3
1525733096.894278,2
1525733096.907875,2
1525733096.921469,2
1525733096.934391,4
1525733096.947318,1
1525733096.960086,12
1525733096.972517,9
1525733096.985465,10
1525733096.998496,4
1525733097.011532,3
1525733097.024577,2
1525733097.037829,4
1525733097.050794,9
1525733097.063504,6
1525733097.076306,5
1525733097.089056,9
1525733097.101943,12
1525733097.114894,12
1525733097.128002,8
1525733097.140938,8
1525733097.154383,7
1525733097.166641,11
1525733097.179841,8
1525733097.193346,5
1525733097.206215,4
1525733097.218993,5
1525733097.231999,2
1525733097.245070,2
1525733097.258310,2
1525733097.271643,1
1525733097.284732,2
1525733097.297771,2
1525733097.310872,3
1525733097.324054,2
1525733097.336908,4
1525733097.350586,12
1525733097.363477,11
1525733097.375720,11
1525733097.388340,6
1525733097.401758,6
1525733097.414831,6
1525733097.428048,8
1525733097.441323,7
1525733097.454255,6
1525733097.467008,5
1525733097.480178,6
1525733097.492996,4
1525733097.505641,5
1525733097.518701,6
1525733097.531714,3
1525733097.544407,13
1525733097.556830,8
1525733097.569644,19
1525733097.582204,14
1525733097.595145,9
1525733097.607931,9
1525733097.621284,3
1525733097.634284,4
1525733097.647351,2
1525733097.660032,2
1525733097.673141,3
1525733097.686774,1
1525733097.701260,1
1525733097.713905,0
1525733097.727198,3
1525733097.740248,5
1525733097.753675,9
1525733097.766475,3
1525733097.779563,5
1525733097.792300,13
1525733097.805343,7
1525733097.818357,4
1525733097.831477,5
1525733097.844195,5
1525733097.858122,2
1525733097.871286,5
1525733097.883903,5
1525733097.897388,1
1525733097.910491,2
1525733097.923085,2
1525733097.936044,2
1525733097.949172,1
1525733097.962165,1
1525733097.975608,1
1525733097.988494,2
1525733098.001540,7
1525733098.014828,12
1525733098.027836,3
1525733098.041018,4
1525733098.054098,3
1525733098.066867,14
1525733098.079716,6
1525733098.092917,3
1525733098.106006,4
1525733098.119368,4
1525733098.132285,5
1525733098.144828,3
1525733098.157728,1
1525733098.171015,2
1525733098.183901,3
1525733098.196955,4
1525733098.210247,10
1525733098.222901,8
1525733098.235852,4
1525733098.248298,4
1525733098.261753,4
1525733098.274545,5
1525733098.287464,5
1525733098.300460,5
1525733098.313369,5
1525733098.326114,7
1525733098.339145,5
1525733098.353187,6
1525733098.366402,4
1525733098.379215,6
1525733098.392026,5
1525733098.404911,6
1525733098.417730,3
1525733098.430783,7
1525733098.443716,6
1525733098.456269,6
1525733098.469146,7
1525733098.481949,4
1525733098.494811,5
1525733098.507292,6
1525733098.520286,2
1525733098.533209,8
1525733098.546341,13
1525733098.559198,5
1525733098.572026,6
1525733098.584989,4
1525733098.598064,3
1525733098.611094,7
1525733098.624348,10
1525733098.637168,7
1525733098.650407,5
1525733098.663155,3
1525733098.675886,3
1525733098.688710,17
1525733098.701752,7
1525733098.714571,8
1525733098.727743,6
1525733098.740910,7
1525733098.754213,9
1525733098.766857,12
1525733098.779745,2
1525733098.792886,4
1525733098.805905,4
1525733098.818690,5
1525733098.831827,7
1525733098.844539,4
1525733098.857429,4
1525733098.870411,4
1525733098.883576,3
1525733098.896864,4
1525733098.909787,3
1525733098.922803,3
1525733098.935569,2
1525733098.948947,3
1525733098.962134,3
1525733098.975021,8
1525733098.987922,5
1525733099.001103,6
1525733099.013645,8
1525733099.027174,7
1525733099.040185,5
1525733099.056249,5
1525733099.068842,6
1525733099.081743,3
1525733099.095588,3
1525733099.108521,2
1525733099.121824,2
1525733099.136080,2
1525733099.149483,2
1525733099.162471,2
1525733099.175463,8
1525733099.188288,11
1525733099.201373,7
1525733099.214318,7
1525733099.227147,3
1525733099.240218,4
1525733099.253038,14
1525733099.265657,7
1525733099.278632,8
1525733099.291827,4
1525733099.304853,3
1525733099.317851,9
1525733099.330697,3
1525733099.343663,5
1525733099.356310,6
1525733099.368854,5
1525733099.381701,8
1525733099.394936,4
1525733099.407875,5
1525733099.421201,0
1525733099.434262,0
1525733099.447517,0
1525733099.460543,2
1525733099.472843,9
1525733099.485070,12
1525733099.497829,15
1525733099.510607,8
1525733099.523004,0
1525733099.535853,0
1525733099.549571,0
1525733099.563529,0
1525733099.577666,0
1525733099.590573,2
1525733099.603145,5
1525733099.615899,8
1525733099.628603,4
1525733099.641761,2
1525733099.655605,4
1525733099.668611,6
1525733099.681684,1
1525733099.694400,3
1525733099.708393,3
1525733099.721028,10
1525733099.734508,3
1525733099.747523,5
1525733099.760568,2
1525733099.773324,5
1525733099.786212,6
1525733099.799094,3
1525733099.812456,2
1525733099.825560,2
1525733099.838253,2
1525733099.851337,2
1525733099.864491,1
1525733099.877068,5
1525733099.890537,4
1525733099.903045,3
1525733099.915772,3
1525733099.928862,4
1525733099.941802,10
1525733099.954592,7
1525733099.967552,3
1525733099.980851,2
1525733099.993731,2
1525733100.007509,2
1525733100.020423,1
1525733100.033076,0
1525733100.047190,0
1525733100.060194,0
1525733100.073420,4
1525733100.086059,2
1525733100.099129,4
1525733100.111872,4
1525733100.124829,4
1525733100.137453,7
1525733100.150872,2
1525733100.163442,4
1525733100.176246,3
1525733100.189217,2
1525733100.203414,2
1525733100.216228,2
1525733100.229181,2
1525733100.242400,2
1525733100.257137,1
1525733100.270050,1
1525733100.283023,6
1525733100.295841,10
1525733100.308663,1
1525733100.321964,0
1525733100.336100,0
1525733100.349269,2
1525733100.362334,3
1525733100.374882,17
1525733100.387054,13
1525733100.399698,8
1525733100.412632,6
1525733100.425495,3
1525733100.438521,5
1525733100.451881,4
1525733100.464518,5
1525733100.477556,6
1525733100.490398,5
1525733100.503610,4
1525733100.516477,5
1525733100.529461,4
1525733100.543431,5
1525733100.556262,4
1525733100.568981,0
1525733100.582260,0
1525733100.595254,0
1525733100.608273,0
1525733100.622415,0
1525733100.635750,0
1525733100.648788,0
1525733100.661900,0
1525733100.674802,0
1525733100.687941,3
1525733100.701363,2
1525733100.715078,8
1525733100.727798,10
1525733100.740333,2
1525733100.753778,0
1525733100.767695,0
1525733100.781070,0
1525733100.794348,0
1525733100.808263,0
1525733100.821196,0
1525733100.834325,0
1525733100.847315,0
1525733100.860404,0
1525733100.873413,0
1525733100.887704,0
1525733100.901063,1
1525733100.913363,20
1525733100.925886,17
1525733100.938331,4
1525733100.951486,0
1525733100.965220,0
1525733100.979052,0
1525733100.992950,0
1525733101.006915,0
1525733101.020665,0
1525733101.034536,0
1525733101.048635,0
1525733101.061585,0
1525733101.076417,0
1525733101.091247,0
1525733101.104093,1
1525733101.117286,0
1525733101.130747,2
1525733101.143987,1
1525733101.157158,1
1525733101.170421,1
1525733101.184758,2
1525733101.197881,1
1525733101.211045,1
1525733101.224042,0
1525733101.236863,0
1525733101.251023,0
1525733101.264947,0
1525733101.277833,0
1525733101.290909,0
1525733101.303829,0
1525733101.316843,0
1525733101.331259,3
1525733101.344089,7
1525733101.357064,8
1525733101.369434,18
1525733101.382281,0
1525733101.397172,0
1525733101.411512,0
1525733101.424506,0
1525733101.437729,0
1525733101.450898,0
1525733101.463888,0
1525733101.476940,0
1525733101.490409,0
1525733101.503356,0
1525733101.516314,0
1525733101.529604,0
1525733101.542515,0
1525733101.555662,5
1525733101.568566,9
1525733101.581706,4
1525733101.594616,8
1525733101.607398,6
1525733101.620173,6
1525733101.633080,9
1525733101.646087,4
1525733101.659082,9
1525733101.672385,4
1525733101.685541,7
1525733101.698761,5
1525733101.711671,2
1525733101.724852,1
1525733101.738177,0
1525733101.752681,0
1525733101.767222,0
1525733101.780509,2
1525733101.793849,4
1525733101.806881,2
1525733101.820229,2
1525733101.833482,2
1525733101.846836,2
1525733101.860119,2
1525733101.873264,1
1525733101.886583,1
1525733101.902043,1
1525733101.915768,0
1525733101.928551,4
1525733101.942143,4
1525733101.955066,1
1525733101.967626,1
1525733101.980772,3
1525733101.993557,5
1525733102.006309,14
1525733102.019424,9
1525733102.032542,2
1525733102.045527,1
1525733102.059392,1
1525733102.072407,2
1525733102.085377,2
1525733102.098944,2
1525733102.113464,2
1525733102.126484,1
1525733102.139598,3
1525733102.153078,4
1525733102.166049,14
1525733102.178718,11
1525733102.191701,3
1525733102.204689,8
1525733102.217278,8
1525733102.230202,12
1525733102.242787,5
1525733102.255714,11
1525733102.268392,4
1525733102.281470,5
1525733102.293903,6
1525733102.307924,3
1525733102.321079,4
1525733102.333905,2
1525733102.347129,1
1525733102.360376,1
1525733102.373209,2
1525733102.385892,2
1525733102.399451,3
1525733102.412521,1
1525733102.426256,6
1525733102.438577,16
1525733102.451370,8
1525733102.463963,2
1525733102.476793,3
1525733102.489722,4
1525733102.503562,5
1525733102.516257,3
1525733102.534420,2
1525733102.547259,2
1525733102.560521,2
1525733102.573409,2
1525733102.585905,1
1525733102.600378,1
1525733102.613344,4
1525733102.626888,1
1525733102.640097,11
1525733102.652420,13
1525733102.664856,15
1525733102.677187,16
1525733102.689670,2
1525733102.702394,0
1525733102.717142,0
1525733102.730123,0
1525733102.743090,0
1525733102.756179,0
1525733102.769168,0
1525733102.783553,0
1525733102.796753,0
1525733102.809798,0
1525733102.822568,6
1525733102.835609,2
1525733102.848120,1
1525733102.861257,3
1525733102.874982,2
1525733102.888689,8
1525733102.902006,1
1525733102.914887,2
1525733102.927494,2
1525733102.941623,1
1525733102.954778,0
1525733102.967775,0
1525733102.981556,0
1525733102.995548,0
1525733103.008626,0
1525733103.021969,0
1525733103.035120,4
1525733103.049148,2
1525733103.061580,13
1525733103.074466,9
1525733103.087452,12
1525733103.100432,17
1525733103.112751,8
1525733103.125180,9
1525733103.138126,0
1525733103.152358,0
1525733103.166295,0
1525733103.180383,0
1525733103.194511,0
1525733103.209377,0
1525733103.222179,0
1525733103.236724,0
1525733103.249438,0
1525733103.262735,0
1525733103.275507,3
1525733103.287797,8
1525733103.301085,13
1525733103.313785,13
1525733103.326618,11
1525733103.339749,6
1525733103.353158,8
1525733103.365908,5
1525733103.378906,3
1525733103.392014,1
1525733103.404906,1
1525733103.417993,1
1525733103.432840,1
1525733103.446006,2
1525733103.459087,2
1525733103.471980,2
1525733103.484746,2
1525733103.497815,5
1525733103.510823,13
1525733103.523234,8
1525733103.535931,13
1525733103.548562,14
1525733103.561345,0
1525733103.575534,0
1525733103.590419,0
1525733103.604385,0
1525733103.618902,0
1525733103.633089,0
1525733103.647377,0
1525733103.662903,0
1525733103.675795,0
1525733103.689568,0
1525733103.702377,0
1525733103.715257,4
1525733103.727812,5
1525733103.740878,4
1525733103.755005,11
1525733103.767736,7
1525733103.780603,6
1525733103.793183,5
1525733103.805914,6
1525733103.819695,3
1525733103.832399,2
1525733103.845389,2
1525733103.858699,2
1525733103.871927,2
1525733103.884967,2
1525733103.898064,2
1525733103.912609,0
1525733103.925399,0
1525733103.938545,9
1525733103.952226,4
1525733103.965513,5
1525733103.978472,7
1525733103.991609,5
1525733104.004678,5
1525733104.017652,7
1525733104.030646,3
1525733104.043577,5
1525733104.056698,3
1525733104.069529,7
1525733104.083251,1
1525733104.096204,1
1525733104.109228,1
1525733104.123350,1
1525733104.135894,3
1525733104.148882,3
1525733104.162417,1
1525733104.176644,1
1525733104.189407,2
1525733104.202591,1
1525733104.215590,1
1525733104.228485,2
1525733104.241757,1
1525733104.254501,1
1525733104.267319,4
1525733104.280559,3
1525733104.293503,3
1525733104.306213,3
1525733104.319015,3
1525733104.331986,0
1525733104.344612,0
1525733104.357435,0
1525733104.370778,0
1525733104.383272,0
1525733104.397445,0
1525733104.410409,0
1525733104.423350,0
1525733104.435770,3
1525733104.448885,1
1525733104.461846,2
1525733104.474648,1
1525733104.487558,5
1525733104.500354,13
1525733104.512706,5
1525733104.525449,5
1525733104.539210,4
1525733104.552808,8
1525733104.566491,6
1525733104.579514,6
1525733104.592686,9
1525733104.605428,7
1525733104.618725,4
1525733104.632571,3
1525733104.645347,5
1525733104.658360,7
1525733104.671477,3
1525733104.684745,4
1525733104.697668,4
1525733104.710859,3
1525733104.725050,3
1525733104.738275,4
1525733104.751554,2
1525733104.764490,2
1525733104.777619,4
1525733104.790887,16
1525733104.803489,6
1525733104.816361,5
1525733104.829455,5
1525733104.842202,4
1525733104.855031,8
1525733104.867644,7
1525733104.880663,5
1525733104.893523,7
1525733104.906340,4
1525733104.920497,4
1525733104.933517,5
1525733104.946120,5
1525733104.959532,3
1525733104.972466,7
1525733104.985377,5
1525733104.998131,3
1525733105.011143,16
1525733105.023734,7
1525733105.036846,9
1525733105.049778,7
1525733105.062432,5
1525733105.075267,6
1525733105.087715,7
1525733105.101086,1
1525733105.113842,0
1525733105.126954,0
1525733105.140262,0
1525733105.154109,0
1525733105.167176,1
1525733105.179585,19
1525733105.192098,16
1525733105.205097,0
1525733105.218839,0
1525733105.231781,0
1525733105.244773,0
1525733105.257447,0
1525733105.271425,0
1525733105.284573,2
1525733105.296911,21
1525733105.309392,15
1525733105.322251,14
1525733105.334645,8
1525733105.347538,4
1525733105.360968,0
1525733105.375151,0
1525733105.389005,3
1525733105.402382,3
1525733105.414686,10
1525733105.427243,5
1525733105.439875,3
1525733105.453126,3
1525733105.466556,3
1525733105.480664,1
1525733105.493676,4
1525733105.506372,2
1525733105.519187,3
1525733105.532121,4
1525733105.545163,0
1525733105.558828,0
1525733105.576722,0
1525733105.590316,0
1525733105.604202,0
1525733105.617269,5
1525733105.630107,4
1525733105.643223,3
1525733105.655941,6
1525733105.668860,3
1525733105.681956,3
1525733105.695070,5
1525733105.707805,13
1525733105.720684,13
1525733105.733183,12
1525733105.746003,5
1525733105.758787,10
1525733105.771465,10
1525733105.784057,7
1525733105.796625,4
1525733105.809449,5
1525733105.822308,4
1525733105.835187,6
1525733105.848232,4
1525733105.861386,2
1525733105.874814,6
1525733105.888851,1
1525733105.901797,1
1525733105.914664,3
1525733105.927281,16
1525733105.940561,8
1525733105.953657,6
1525733105.966464,2
1525733105.979607,1
1525733105.992402,1
1525733106.005434,1
1525733106.018687,2
1525733106.031968,2
1525733106.044587,3
1525733106.057993,2
1525733106.072002,1
1525733106.084646,1
1525733106.097724,5
1525733106.110773,10
1525733106.123610,8
1525733106.136309,4
1525733106.149533,4
1525733106.162269,3
1525733106.175170,4
1525733106.187830,2
1525733106.200873,2
1525733106.213812,1
1525733106.227383,3
1525733106.240593,2
1525733106.253367,2
1525733106.266368,3
1525733106.281432,2
1525733106.294220,3
1525733106.307197,3
1525733106.319754,1
1525733106.332508,4
1525733106.345453,5
1525733106.358841,14
1525733106.372192,5
1525733106.385083,7
1525733106.398996,5
1525733106.412338,5
1525733106.425383,3
1525733106.438282,5
1525733106.451470,2
1525733106.464265,4
1525733106.477317,6
1525733106.490257,5
1525733106.502931,5
1525733106.515807,6
1525733106.528464,4
1525733106.541365,3
1525733106.554563,2
1525733106.567145,18
1525733106.580240,10
1525733106.593315,4
1525733106.605940,6
1525733106.618771,1
1525733106.632479,0
1525733106.645576,0
1525733106.659643,0
1525733106.672541,0
1525733106.685898,0
1525733106.698811,0
1525733106.712230,2
1525733106.725081,5
1525733106.738368,0
1525733106.751919,1
1525733106.765220,1
1525733106.778446,4
1525733106.791659,14
1525733106.804300,3
1525733106.817339,3
1525733106.831181,2
1525733106.845081,2
1525733106.858109,2
1525733106.871388,3
1525733106.884287,3
1525733106.897071,2
1525733106.910714,2
1525733106.924998,1
1525733106.937669,2
1525733106.950936,8
1525733106.963762,10
1525733106.976635,2
1525733106.989574,0
1525733107.002816,2
1525733107.015365,5
1525733107.028142,5
1525733107.041436,5
1525733107.054499,7
1525733107.067274,4
1525733107.080568,0
1525733107.093477,1
1525733107.106809,1
1525733107.131501,0
1525733107.153072,3
1525733107.172828,1
1525733107.185927,8
1525733107.202203,1
1525733107.215151,0
1525733107.232194,0
1525733107.245126,0
1525733107.258321,0
1525733107.283507,0
1525733107.297560,0
1525733107.310855,0
1525733107.324618,0
1525733107.339371,0
1525733107.356376,0
1525733107.369369,0
1525733107.382142,2
1525733107.400289,0
1525733107.422467,0
1525733107.435898,0
1525733107.449004,0
1525733107.469571,0
1525733107.482540,0
1525733107.497677,0
1525733107.510841,0
1525733107.524308,0
1525733107.538578,0
1525733107.553713,0
1525733107.569281,0
1525733107.582208,0
1525733107.596272,0
1525733107.610872,0
1525733107.626119,0
1525733107.639109,0
1525733107.653302,0
1525733107.667529,0
1525733107.682123,0
1525733107.697991,0
1525733107.711131,0
1525733107.725055,0
1525733107.739428,0
1525733107.753991,0
1525733107.768950,0
1525733107.782217,0
1525733107.795815,0
1525733107.810621,0
1525733107.826119,0
1525733107.839221,0
1525733107.853073,0
1525733107.868590,0
1525733107.882605,0
1525733107.898161,0
1525733107.911361,0
1525733107.925020,0
1525733107.939344,0
1525733107.954920,0
1525733107.968217,0
1525733107.982134,0
1525733107.996513,0
1525733108.011909,0
1525733108.024816,0
1525733108.038811,0
1525733108.053625,0
1525733108.068751,0
1525733108.082779,0
1525733108.097664,0
1525733108.112063,0
1525733108.127505,0
1525733108.140749,0
1525733108.155244,0
1525733108.168352,0
1525733108.183045,0
1525733108.196313,0
1525733108.210975,0
1525733108.225534,0
1525733108.241058,0
1525733108.255048,0
1525733108.269346,0
1525733108.283803,0
1525733108.298711,0
1525733108.313098,0
1525733108.327253,0
1525733108.341200,0
1525733108.357255,0
1525733108.371028,0
1525733108.385648,0
1525733108.400834,0
1525733108.413989,0
1525733108.428888,0
1525733108.442437,0
1525733108.456598,0
1525733108.470862,0
1525733108.484635,0
1525733108.499815,0
1525733108.515108,0
1525733108.528029,0
1525733108.542020,0
1525733108.558448,0
1525733108.571624,0
1525733108.585430,0
1525733108.599837,0
1525733108.615968,0
1525733108.629302,0
1525733108.642465,0
1525733108.656639,0
1525733108.671337,0
1525733108.685184,0
1525733108.699866,0
1525733108.715005,0
1525733108.727891,0
1525733108.742283,0
1525733108.756612,0
1525733108.770998,0
1525733108.786201,0
1525733108.799249,0
1525733108.813478,0
1525733108.828060,0
1525733108.842171,0
1525733108.857172,0
1525733108.871335,0
1525733108.885604,0
1525733108.900147,0
1525733108.913231,0
1525733108.928295,0
1525733108.942250,0
1525733108.956609,0
1525733108.971253,0
1525733108.986441,0
1525733108.999598,0
1525733109.013042,0
1525733109.028123,0
1525733109.041383,0
1525733109.055091,0
1525733109.069600,0
1525733109.083792,0
1525733109.098104,0
1525733109.112796,0
1525733109.127792,0
1525733109.140386,0
1525733109.155430,0
1525733109.168422,0
1525733109.182760,0
1525733109.196955,0
1525733109.211477,0
1525733109.226749,0
1525733109.239768,0
1525733109.253616,0
1525733109.268102,0
1525733109.282346,0
1525733109.297094,0
1525733109.311412,0
1525733109.325367,0
1525733109.339822,0
1525733109.355644,0
1525733109.371084,0
1525733109.384307,0
1525733109.399252,0
1525733109.412271,0
1525733109.425037,0
1525733109.438305,0
1525733109.452750,0
1525733109.467205,0
1525733109.479956,0
1525733109.494355,0
1525733109.508280,0
1525733109.522818,0
1525733109.537089,0
1525733109.553199,0
1525733109.566346,0
1525733109.580719,0
1525733109.595312,0
1525733109.608291,0
1525733109.623652,0
1525733109.636650,0
1525733109.650793,0
1525733109.665534,0
1525733109.679487,0
1525733109.693984,0
1525733109.707989,0
1525733109.722951,0
1525733109.738341,0
1525733109.751700,0
1525733109.765372,0
1525733109.780413,0
1525733109.794751,0
1525733109.810098,0
1525733109.822791,0
1525733109.837182,0
1525733109.851675,0
1525733109.864283,0
1525733109.879359,0
1525733109.892093,0
1525733109.906181,0
1525733109.920604,0
1525733109.935264,0
1525733109.948256,0
1525733109.962370,0
1525733109.976991,0
1525733109.990605,0
1525733110.005633,0
1525733110.019001,0
1525733110.032324,0
1525733110.046051,0
1525733110.061040,0
1525733110.073975,0
1525733110.088445,0
1525733110.102771,0
1525733110.118080,0
1525733110.131644,0
