1525735487.840728,0
1525735487.855712,21
1525735487.868562,14
1525735487.881048,13
1525735487.893634,12
1525735487.906408,10
1525735487.919617,3
1525735487.932681,5
1525735487.945247,5
1525735487.958647,4
1525735487.971476,3
1525735487.984244,6
1525735487.996860,6
1525735488.009722,2
1525735488.023049,1
1525735488.036885,1
1525735488.049794,2
1525735488.062632,1
1525735488.076523,2
1525735488.089886,4
1525735488.102386,14
1525735488.114989,1
1525735488.128575,0
1525735488.142020,0
1525735488.155220,0
1525735488.168252,0
1525735488.181460,0
1525735488.194977,0
1525735488.209264,1
1525735488.222497,3
1525735488.235297,6
1525735488.248511,4
1525735488.261431,1
1525735488.274532,4
1525735488.288793,2
1525735488.302979,2
1525735488.315952,6
1525735488.328162,15
1525735488.341784,4
1525735488.354869,5
1525735488.367555,4
1525735488.380404,3
1525735488.393239,2
1525735488.406383,1
1525735488.420793,1
1525735488.433980,0
1525735488.448795,0
1525735488.461924,5
1525735488.474760,13
1525735488.488024,5
1525735488.501294,4
1525735488.514412,3
1525735488.528124,2
1525735488.541582,2
1525735488.554515,7
1525735488.567322,7
1525735488.579959,7
1525735488.592906,6
1525735488.605953,8
1525735488.618920,5
1525735488.631508,6
1525735488.644149,6
1525735488.656807,4
1525735488.669572,1
1525735488.682707,3
1525735488.695881,11
1525735488.708808,5
1525735488.721921,3
1525735488.734780,6
1525735488.750399,5
1525735488.763420,4
1525735488.776345,3
1525735488.789513,3
1525735488.803087,1
1525735488.817312,1
1525735488.830474,1
1525735488.843630,4
1525735488.856491,15
1525735488.869428,0
1525735488.882501,0
1525735488.895490,0
1525735488.908658,0
1525735488.921769,0
1525735488.936031,0
1525735488.949171,0
1525735488.962293,1
1525735488.975176,4
1525735488.987988,3
1525735489.001665,5
1525735489.014572,2
1525735489.029007,4
1525735489.041840,7
1525735489.055143,1
1525735489.068192,3
1525735489.080611,13
1525735489.093471,4
1525735489.106281,7
1525735489.119616,3
1525735489.132273,4
1525735489.144841,4
1525735489.158620,8
1525735489.171437,8
1525735489.184146,11
1525735489.197050,7
1525735489.210161,4
1525735489.222948,3
1525735489.235733,4
1525735489.248925,4
1525735489.261473,7
1525735489.274249,8
1525735489.287257,6
1525735489.300262,6
1525735489.312956,4
1525735489.325509,6
1525735489.338978,2
1525735489.352318,6
1525735489.365217,7
1525735489.377850,11
1525735489.390870,7
1525735489.403853,7
1525735489.416506,4
1525735489.429361,3
1525735489.441819,3
1525735489.454681,3
1525735489.467989,3
1525735489.480958,4
1525735489.493826,3
1525735489.506628,3
1525735489.520503,3
1525735489.533435,3
1525735489.546990,3
1525735489.561151,2
1525735489.574335,5
1525735489.587696,10
1525735489.600843,9
1525735489.613517,3
1525735489.626517,4
1525735489.640865,3
1525735489.654100,7
1525735489.666929,5
1525735489.680135,4
1525735489.693100,0
1525735489.706127,0
1525735489.720206,0
1525735489.734227,0
1525735489.750039,0
1525735489.763014,0
1525735489.777030,0
1525735489.791401,0
1525735489.804592,0
1525735489.817776,4
1525735489.831459,3
1525735489.844327,3
1525735489.856801,2
1525735489.869829,4
1525735489.883005,5
1525735489.895463,3
1525735489.907973,4
1525735489.920845,4
1525735489.933743,6
1525735489.946511,3
1525735489.959654,1
1525735489.972447,1
1525735489.985236,2
1525735489.998214,2
1525735490.011755,2
1525735490.025251,1
1525735490.038111,1
1525735490.051334,2
1525735490.064270,2
1525735490.077097,3
1525735490.090117,3
1525735490.103076,3
1525735490.116012,1
1525735490.128224,17
1525735490.141772,9
1525735490.154609,2
1525735490.167903,0
1525735490.180944,0
1525735490.193986,0
1525735490.206975,0
1525735490.220344,0
1525735490.233417,0
1525735490.245844,3
1525735490.259778,5
1525735490.272425,4
1525735490.285399,6
1525735490.298974,7
1525735490.311822,6
1525735490.324368,8
1525735490.337348,5
1525735490.351268,7
1525735490.364319,4
1525735490.377390,3
1525735490.390346,4
1525735490.403206,3
1525735490.415836,5
1525735490.428920,5
1525735490.441526,5
1525735490.454254,6
1525735490.466874,6
1525735490.480022,4
1525735490.493213,2
1525735490.505729,17
1525735490.518987,7
1525735490.531607,6
1525735490.544257,5
1525735490.557265,7
1525735490.570246,4
1525735490.582792,5
1525735490.595645,3
1525735490.608785,0
1525735490.621133,0
1525735490.633914,0
1525735490.646381,0
1525735490.660346,0
1525735490.673625,0
1525735490.686767,4
1525735490.700079,3
1525735490.712546,16
1525735490.724902,14
1525735490.737491,10
1525735490.750396,5
1525735490.763166,11
1525735490.775692,5
1525735490.788821,4
1525735490.801747,3
1525735490.814745,1
1525735490.827704,1
1525735490.840755,0
1525735490.853447,0
1525735490.866760,0
1525735490.881242,0
1525735490.894420,0
1525735490.907288,0
1525735490.920215,0
1525735490.933241,2
1525735490.945469,19
1525735490.958848,8
1525735490.971502,0
1525735490.984143,0
1525735490.996834,0
1525735491.009796,0
1525735491.023970,0
1525735491.036891,0
1525735491.050102,0
1525735491.063112,0
1525735491.076200,0
1525735491.089327,0
1525735491.103281,0
1525735491.117051,1
1525735491.130176,2
1525735491.143505,1
1525735491.155940,4
1525735491.169069,2
1525735491.181581,15
1525735491.193913,11
1525735491.207778,0
1525735491.221346,0
1525735491.235452,0
1525735491.249914,0
1525735491.264911,0
1525735491.278009,0
1525735491.292006,0
1525735491.306130,0
1525735491.322911,0
1525735491.335391,0
1525735491.347873,0
1525735491.360571,9
1525735491.373338,6
1525735491.386136,4
1525735491.398796,18
1525735491.411502,8
1525735491.424397,4
1525735491.437096,0
1525735491.450177,0
1525735491.464609,0
1525735491.477310,0
1525735491.491356,0
1525735491.505156,0
1525735491.520273,0
1525735491.535743,0
1525735491.548863,0
1525735491.562894,0
1525735491.575875,0
1525735491.589736,0
1525735491.604987,0
1525735491.617854,4
1525735491.631019,1
1525735491.644127,11
1525735491.656874,8
1525735491.669742,6
1525735491.682549,9
1525735491.695274,9
1525735491.708002,1
1525735491.720891,2
1525735491.733721,1
1525735491.747510,1
1525735491.761020,1
1525735491.774116,5
1525735491.786631,19
1525735491.799557,14
1525735491.812098,1
1525735491.825624,0
1525735491.840364,0
1525735491.853133,0
1525735491.866320,0
1525735491.880143,0
1525735491.893127,0
1525735491.905579,0
1525735491.918897,0
1525735491.932518,0
1525735491.946161,0
1525735491.959202,0
1525735491.972671,0
1525735491.985737,3
1525735491.998265,13
1525735492.011539,7
1525735492.024372,10
1525735492.037408,5
1525735492.050355,7
1525735492.064307,4
1525735492.077396,3
1525735492.090442,7
1525735492.103475,7
1525735492.116358,4
1525735492.129336,5
1525735492.142434,6
1525735492.155455,6
1525735492.168204,7
1525735492.181507,5
1525735492.194195,5
1525735492.207149,3
1525735492.220198,2
1525735492.233115,5
1525735492.246061,4
1525735492.259973,2
1525735492.273620,2
1525735492.286400,2
1525735492.299918,2
1525735492.312426,3
1525735492.325521,2
1525735492.339543,1
1525735492.353955,2
1525735492.367140,1
1525735492.380085,1
1525735492.392837,2
1525735492.406300,3
1525735492.419095,16
1525735492.431739,1
1525735492.444429,0
1525735492.457730,0
1525735492.472130,0
1525735492.486622,0
1525735492.499992,0
1525735492.514081,0
1525735492.528045,0
1525735492.543482,0
1525735492.558871,0
1525735492.571740,0
1525735492.585600,0
1525735492.601174,1
1525735492.614219,3
1525735492.627029,3
1525735492.640825,3
1525735492.653300,3
1525735492.666627,1
1525735492.681019,2
1525735492.694140,2
1525735492.707097,2
1525735492.720074,0
1525735492.733100,0
1525735492.746857,0
1525735492.760040,0
1525735492.772907,0
1525735492.785715,0
1525735492.800601,0
1525735492.813607,0
1525735492.826130,8
1525735492.838911,13
1525735492.851417,14
1525735492.863626,1
1525735492.876100,0
1525735492.888715,0
1525735492.902212,0
1525735492.916347,0
1525735492.930277,0
1525735492.944896,0
1525735492.959787,0
1525735492.972711,0
1525735492.986790,0
1525735493.003173,0
1525735493.016422,0
1525735493.030826,7
1525735493.043489,11
1525735493.055863,3
1525735493.068687,4
1525735493.081411,6
1525735493.094215,4
1525735493.107994,1
1525735493.120947,1
1525735493.134213,1
1525735493.147805,0
1525735493.161600,0
1525735493.174485,0
1525735493.187673,0
1525735493.201025,0
1525735493.214049,0
1525735493.228791,0
1525735493.241944,0
1525735493.255085,0
1525735493.269578,6
1525735493.282867,3
1525735493.296137,1
1525735493.309499,5
1525735493.322556,3
1525735493.335544,3
1525735493.348103,5
1525735493.361027,7
1525735493.373757,3
1525735493.386345,9
1525735493.399589,4
1525735493.412429,5
1525735493.425702,4
1525735493.438684,4
1525735493.451681,4
1525735493.464749,4
1525735493.477378,6
1525735493.490404,2
1525735493.503018,4
1525735493.516053,5
1525735493.528870,3
1525735493.542306,1
1525735493.555283,1
1525735493.568138,0
1525735493.580797,0
1525735493.594059,0
1525735493.606925,3
1525735493.619880,5
1525735493.632802,2
1525735493.647515,2
1525735493.660469,2
1525735493.673579,2
1525735493.687550,3
1525735493.701294,7
1525735493.714075,3
1525735493.727123,4
1525735493.740397,9
1525735493.752792,5
1525735493.765655,1
1525735493.778943,2
1525735493.791730,3
1525735493.804906,8
1525735493.817316,14
1525735493.830452,6
1525735493.843242,5
1525735493.856191,3
1525735493.869321,5
1525735493.882375,2
1525735493.895857,5
1525735493.909189,3
1525735493.922143,3
1525735493.935244,3
1525735493.947900,3
1525735493.961049,10
1525735493.973942,7
1525735493.987654,6
1525735494.000535,6
1525735494.013430,4
1525735494.025871,10
1525735494.038958,5
1525735494.051460,2
1525735494.064162,1
1525735494.076765,1
1525735494.090040,1
1525735494.103813,3
1525735494.116849,2
1525735494.129986,1
1525735494.143112,0
1525735494.157738,0
1525735494.178100,0
1525735494.190986,5
1525735494.203462,16
1525735494.216432,2
1525735494.229847,1
1525735494.243642,7
1525735494.256506,6
1525735494.269656,0
1525735494.282401,0
1525735494.295049,0
1525735494.310304,0
1525735494.323284,2
1525735494.335947,7
1525735494.349146,4
1525735494.361947,5
1525735494.374645,4
1525735494.387782,4
1525735494.400652,3
1525735494.413491,4
1525735494.426197,7
1525735494.438793,8
1525735494.451551,5
1525735494.464469,4
1525735494.477460,2
1525735494.491138,1
1525735494.505361,1
1525735494.518525,2
1525735494.531394,4
1525735494.544474,12
1525735494.557929,8
1525735494.570697,0
1525735494.583431,5
1525735494.596360,8
1525735494.609766,3
1525735494.622628,5
1525735494.635509,4
1525735494.648462,10
1525735494.661101,11
1525735494.674380,4
1525735494.688761,4
1525735494.702092,5
1525735494.715176,2
1525735494.728216,6
1525735494.741862,4
1525735494.754899,5
1525735494.767705,5
1525735494.780521,5
1525735494.793364,4
1525735494.808045,7
1525735494.821122,2
1525735494.833965,2
1525735494.847401,2
1525735494.861339,6
1525735494.874380,9
1525735494.887445,10
1525735494.900541,12
1525735494.913016,5
1525735494.925870,4
1525735494.938797,4
1525735494.951525,2
1525735494.964189,3
1525735494.977095,3
1525735494.990180,3
1525735495.002928,13
1525735495.015570,7
1525735495.028962,5
1525735495.041365,6
1525735495.054276,4
1525735495.068017,4
1525735495.081177,5
1525735495.094140,1
1525735495.107790,1
1525735495.120680,1
1525735495.133790,2
1525735495.147012,1
1525735495.160252,0
1525735495.173037,0
1525735495.186716,0
1525735495.200825,0
1525735495.213854,3
1525735495.226783,3
1525735495.240043,1
1525735495.253004,1
1525735495.266497,2
1525735495.280777,2
1525735495.293786,1
1525735495.306843,1
1525735495.319885,1
1525735495.332961,1
1525735495.348069,1
1525735495.361234,0
1525735495.374282,0
1525735495.387351,0
1525735495.400683,0
1525735495.413448,2
1525735495.426580,6
1525735495.439577,10
1525735495.451913,9
1525735495.464614,4
1525735495.477627,3
1525735495.490834,7
1525735495.503565,3
1525735495.516695,2
1525735495.529713,2
1525735495.543458,2
1525735495.557392,1
1525735495.570744,1
1525735495.584027,1
1525735495.597140,1
1525735495.610490,2
1525735495.624493,1
1525735495.637473,2
1525735495.650569,2
1525735495.663771,1
1525735495.676448,1
1525735495.689325,3
1525735495.704333,0
1525735495.717222,0
1525735495.730189,0
1525735495.744057,0
1525735495.757110,0
1525735495.769949,0
1525735495.782765,0
1525735495.796463,0
1525735495.809727,0
1525735495.822726,0
1525735495.835802,0
1525735495.848667,0
1525735495.861554,0
1525735495.875564,4
1525735495.888599,1
1525735495.901409,11
1525735495.913954,12
1525735495.926455,20
1525735495.938957,16
1525735495.951582,1
1525735495.964423,0
1525735495.978062,0
1525735495.992775,0
1525735496.007230,0
1525735496.021086,0
1525735496.035905,0
1525735496.050855,0
1525735496.063462,0
1525735496.076970,0
1525735496.091980,0
1525735496.104845,4
1525735496.117874,1
1525735496.130466,13
1525735496.143487,6
1525735496.156707,13
1525735496.169757,7
1525735496.182721,7
1525735496.195653,7
1525735496.208865,5
1525735496.221326,3
1525735496.234114,4
1525735496.247108,6
1525735496.260256,5
1525735496.272984,6
1525735496.285985,3
1525735496.298973,5
1525735496.312925,3
1525735496.326114,3
1525735496.339786,3
1525735496.353035,2
1525735496.366124,2
1525735496.379306,1
1525735496.392397,13
1525735496.404954,13
1525735496.417903,2
1525735496.430610,3
1525735496.443159,3
1525735496.455852,4
1525735496.469002,4
1525735496.481844,5
1525735496.494688,5
1525735496.507787,3
1525735496.520796,1
1525735496.533683,8
1525735496.546737,5
1525735496.559796,4
1525735496.572588,6
1525735496.585551,6
1525735496.598923,2
1525735496.611765,3
1525735496.624656,9
1525735496.637506,5
1525735496.650708,6
1525735496.663364,6
1525735496.676285,8
1525735496.689319,8
1525735496.703980,4
1525735496.716912,0
1525735496.729779,0
1525735496.743110,0
1525735496.756007,0
1525735496.769268,0
1525735496.782577,0
1525735496.796705,0
1525735496.810924,5
1525735496.824078,7
1525735496.837200,3
1525735496.851542,11
1525735496.865169,14
1525735496.877523,8
1525735496.890745,4
1525735496.903487,4
1525735496.916268,4
1525735496.929591,3
1525735496.942757,3
1525735496.956457,2
1525735496.969497,1
1525735496.982592,3
1525735496.996817,3
1525735497.010178,3
1525735497.023173,1
1525735497.035875,12
1525735497.048937,2
1525735497.062322,2
1525735497.075864,2
1525735497.089048,2
1525735497.101347,15
1525735497.114193,4
1525735497.126817,6
1525735497.139880,1
1525735497.152812,1
1525735497.165845,2
1525735497.179255,3
1525735497.192741,2
1525735497.205715,3
1525735497.218641,1
1525735497.231707,1
1525735497.244552,1
1525735497.257339,1
1525735497.271391,1
1525735497.285220,3
1525735497.298630,1
1525735497.311571,6
1525735497.324409,8
1525735497.336973,4
1525735497.351375,3
1525735497.364156,2
1525735497.377229,0
1525735497.389866,0
1525735497.402324,0
1525735497.416328,0
1525735497.429724,1
1525735497.442540,3
1525735497.455273,2
1525735497.468150,2
1525735497.481773,1
1525735497.495500,1
1525735497.509589,1
1525735497.522294,5
1525735497.535151,12
1525735497.547915,14
1525735497.560422,1
1525735497.573107,0
1525735497.585860,0
1525735497.599946,0
1525735497.613512,0
1525735497.627638,0
1525735497.640844,0
1525735497.654090,0
1525735497.666659,0
1525735497.680865,0
1525735497.693712,0
1525735497.706983,0
1525735497.720216,0
1525735497.732953,2
1525735497.746011,2
1525735497.759542,10
1525735497.772090,5
1525735497.784822,14
1525735497.796953,5
1525735497.810169,0
1525735497.824341,0
1525735497.839175,0
1525735497.853365,0
1525735497.866627,0
1525735497.881476,0
1525735497.895290,0
1525735497.910298,0
1525735497.923529,0
1525735497.937146,8
1525735497.950375,9
1525735497.963267,8
1525735497.976137,11
1525735497.989384,2
1525735498.002173,1
1525735498.015730,0
1525735498.028835,0
1525735498.042177,0
1525735498.055248,0
1525735498.068115,0
1525735498.081884,0
1525735498.095864,0
1525735498.108860,0
1525735498.121821,0
1525735498.135700,0
1525735498.149257,0
1525735498.162293,7
1525735498.175146,1
1525735498.187906,7
1525735498.200864,5
1525735498.213347,7
1525735498.225998,9
1525735498.238753,8
1525735498.251569,7
1525735498.264465,11
1525735498.277059,5
1525735498.289507,7
1525735498.302617,4
1525735498.315190,3
1525735498.327973,5
1525735498.340922,2
1525735498.353650,0
1525735498.366914,0
1525735498.380186,0
1525735498.393138,5
1525735498.405729,4
1525735498.418996,1
1525735498.432178,1
1525735498.444902,1
1525735498.457947,2
1525735498.471568,11
1525735498.484014,14
1525735498.496657,7
1525735498.509773,7
1525735498.522562,1
1525735498.535915,4
1525735498.548740,9
1525735498.561723,6
1525735498.574429,4
1525735498.588158,5
1525735498.601573,4
1525735498.614339,7
1525735498.627093,13
1525735498.640073,8
1525735498.652767,7
1525735498.665300,8
1525735498.678620,8
1525735498.691613,3
1525735498.704244,13
1525735498.716797,12
1525735498.729710,8
1525735498.742477,2
1525735498.755652,3
1525735498.768955,1
1525735498.781985,1
1525735498.794698,3
1525735498.807345,2
1525735498.820010,3
1525735498.832757,3
1525735498.845581,6
1525735498.859007,0
1525735498.871864,0
1525735498.886245,0
1525735498.900781,0
1525735498.914358,0
1525735498.929342,0
1525735498.943115,0
1525735498.956058,0
1525735498.969474,0
1525735498.983442,0
1525735498.997404,0
1525735499.010631,0
1525735499.023307,21
1525735499.035618,11
1525735499.048938,10
1525735499.061236,15
1525735499.074008,7
1525735499.086883,7
1525735499.099891,4
1525735499.112941,6
1525735499.125785,1
1525735499.139703,1
1525735499.153464,1
1525735499.166454,1
1525735499.179832,1
1525735499.192613,1
1525735499.205155,2
1525735499.219415,2
1525735499.233437,5
1525735499.246491,13
1525735499.259259,5
1525735499.271840,3
1525735499.284842,3
1525735499.297871,6
1525735499.310842,3
1525735499.323911,4
1525735499.336589,3
1525735499.350821,3
1525735499.363680,3
1525735499.376621,4
1525735499.389575,8
1525735499.402466,2
1525735499.415715,2
1525735499.429152,1
1525735499.442306,1
1525735499.455364,2
1525735499.468037,15
1525735499.480384,19
1525735499.493043,13
1525735499.506274,15
1525735499.519256,5
1525735499.532025,3
1525735499.544918,3
1525735499.557685,2
1525735499.571674,3
1525735499.584809,3
1525735499.597422,2
1525735499.610219,1
1525735499.623098,2
1525735499.636180,2
1525735499.649273,4
1525735499.662485,9
1525735499.675143,3
1525735499.687794,2
1525735499.700476,2
1525735499.714039,1
1525735499.726918,2
1525735499.742266,2
1525735499.755246,10
1525735499.768056,3
1525735499.780854,2
1525735499.793451,1
1525735499.807234,0
1525735499.821863,0
1525735499.834912,0
1525735499.847985,0
1525735499.860841,5
1525735499.873863,1
1525735499.886424,13
1525735499.899286,9
1525735499.911468,12
1525735499.924543,8
1525735499.937403,6
1525735499.950085,1
1525735499.964159,0
1525735499.976991,0
1525735499.990348,0
1525735500.003188,0
1525735500.016132,0
1525735500.029200,0
1525735500.042624,0
1525735500.056793,0
1525735500.069741,2
1525735500.082432,4
1525735500.095348,3
1525735500.108055,20
1525735500.120566,14
1525735500.133377,0
1525735500.148481,0
1525735500.161405,0
1525735500.175258,0
1525735500.189259,0
1525735500.203515,0
1525735500.218018,0
1525735500.231352,0
1525735500.245039,0
1525735500.259744,0
1525735500.273361,0
1525735500.288427,0
1525735500.300958,5
1525735500.313724,2
1525735500.326133,17
1525735500.338988,12
1525735500.352044,14
1525735500.364614,18
1525735500.377167,15
1525735500.390029,0
1525735500.402970,0
1525735500.416089,0
1525735500.429331,0
1525735500.442427,0
1525735500.456948,0
1525735500.469935,0
1525735500.482411,0
1525735500.495596,0
1525735500.508506,2
1525735500.521283,12
1525735500.534153,10
1525735500.546557,19
1525735500.559398,11
1525735500.572237,11
1525735500.584618,8
1525735500.597565,10
1525735500.610653,2
1525735500.623691,4
1525735500.636560,3
1525735500.649485,5
1525735500.662697,2
1525735500.676278,1
1525735500.689602,1
1525735500.702793,0
1525735500.716284,0
1525735500.729834,6
1525735500.742418,13
1525735500.755154,4
1525735500.767958,5
1525735500.780685,0
1525735500.793545,0
1525735500.808039,0
1525735500.821886,0
1525735500.835848,0
1525735500.849908,0
1525735500.865295,0
1525735500.878364,0
1525735500.892455,0
1525735500.906901,0
1525735500.921606,0
1525735500.934431,9
1525735500.947276,4
1525735500.960018,5
1525735500.972770,15
1525735500.985426,11
1525735500.998468,5
1525735501.011843,9
1525735501.025116,6
1525735501.038033,4
1525735501.050953,4
1525735501.063623,5
1525735501.076420,7
1525735501.089733,3
1525735501.102384,5
1525735501.115439,5
1525735501.128564,3
1525735501.141974,6
1525735501.155026,6
1525735501.167612,8
1525735501.180397,9
1525735501.193125,7
1525735501.206286,8
1525735501.219318,4
1525735501.232388,3
1525735501.245098,6
1525735501.257918,5
1525735501.271842,3
1525735501.284561,1
1525735501.297627,1
1525735501.311118,3
1525735501.324050,1
1525735501.337426,1
1525735501.351928,1
1525735501.366132,4
1525735501.378955,5
1525735501.391238,18
1525735501.403495,13
1525735501.416225,7
1525735501.429010,9
1525735501.441666,8
1525735501.454357,4
1525735501.467065,5
1525735501.480520,3
1525735501.493381,4
1525735501.506298,2
1525735501.519398,3
1525735501.532296,6
1525735501.545287,5
1525735501.558531,2
1525735501.571746,6
1525735501.584762,6
1525735501.597579,4
1525735501.610272,7
1525735501.623390,2
1525735501.636333,3
1525735501.649479,2
1525735501.662545,1
1525735501.676669,3
1525735501.689547,10
1525735501.702668,1
1525735501.715986,2
1525735501.729537,1
1525735501.743564,1
1525735501.757415,1
1525735501.770472,1
1525735501.783336,1
1525735501.795973,1
1525735501.809277,2
1525735501.822423,9
1525735501.835589,14
1525735501.848388,4
1525735501.861387,4
1525735501.874422,3
1525735501.887480,10
1525735501.900607,2
1525735501.913683,3
1525735501.926544,4
1525735501.939754,3
1525735501.952885,3
1525735501.965811,2
1525735501.978921,1
1525735501.991537,1
1525735502.004507,0
1525735502.017843,0
1525735502.030818,10
1525735502.043526,17
1525735502.056757,5
1525735502.069798,4
1525735502.082476,2
1525735502.095197,4
1525735502.107939,10
1525735502.120536,10
1525735502.133607,7
1525735502.146638,7
1525735502.159790,6
1525735502.172568,6
1525735502.185444,7
1525735502.198852,4
1525735502.212118,4
1525735502.224773,2
1525735502.237721,1
1525735502.251628,2
1525735502.263964,6
1525735502.276764,6
1525735502.289760,6
1525735502.302679,6
1525735502.315336,5
1525735502.328021,4
1525735502.341020,6
1525735502.353903,6
1525735502.366673,3
1525735502.380924,3
1525735502.393818,4
1525735502.407006,1
1525735502.420021,1
1525735502.432678,1
1525735502.446082,2
1525735502.459281,10
1525735502.472170,3
1525735502.484645,12
1525735502.497452,4
1525735502.510342,3
1525735502.523117,7
1525735502.535901,10
1525735502.548924,2
1525735502.561498,3
1525735502.575156,1
1525735502.589214,1
1525735502.602370,2
1525735502.615252,3
1525735502.627856,3
1525735502.640659,2
1525735502.653781,2
1525735502.667410,5
1525735502.680394,3
1525735502.693313,2
1525735502.706583,2
1525735502.720928,1
1525735502.734237,1
1525735502.747309,5
1525735502.760280,3
1525735502.773246,1
1525735502.785985,2
1525735502.799633,1
1525735502.812376,0
1525735502.825522,0
1525735502.838607,0
1525735502.852593,0
1525735502.865669,0
1525735502.879211,5
1525735502.891914,6
1525735502.904730,5
1525735502.917658,8
1525735502.930519,7
1525735502.943905,9
1525735502.956427,9
1525735502.969935,6
1525735502.982662,9
1525735502.995473,3
1525735503.008487,3
1525735503.021546,3
1525735503.034170,2
1525735503.047775,1
1525735503.060333,2
1525735503.073528,2
1525735503.087133,3
1525735503.100228,4
1525735503.113047,7
1525735503.125961,3
1525735503.139163,1
1525735503.153398,1
1525735503.166301,6
1525735503.179653,2
1525735503.192564,5
1525735503.205098,2
1525735503.218069,5
1525735503.231301,3
1525735503.244483,3
1525735503.257383,2
1525735503.271233,2
1525735503.284844,2
1525735503.297194,4
1525735503.310308,3
1525735503.323312,4
1525735503.336456,3
1525735503.350629,5
1525735503.363444,13
1525735503.376284,4
1525735503.389192,2
1525735503.402026,6
1525735503.415033,6
1525735503.427981,4
1525735503.440897,4
1525735503.454008,6
1525735503.466599,9
1525735503.479483,3
1525735503.492322,6
1525735503.505339,6
1525735503.518681,4
1525735503.531279,12
1525735503.543877,6
1525735503.556489,7
1525735503.569734,3
1525735503.582529,5
1525735503.595541,6
1525735503.608435,6
1525735503.621605,2
1525735503.635082,1
1525735503.648316,3
1525735503.661166,2
1525735503.674000,7
1525735503.686714,10
1525735503.699931,2
1525735503.712917,2
1525735503.725559,5
1525735503.738680,6
1525735503.751575,2
1525735503.764063,6
1525735503.776829,2
1525735503.790152,10
1525735503.802456,16
1525735503.815290,6
1525735503.828333,6
1525735503.841409,4
1525735503.854097,3
1525735503.867383,4
1525735503.880824,4
1525735503.893655,9
1525735503.906424,8
1525735503.919192,5
1525735503.932185,7
1525735503.944943,3
1525735503.957893,5
1525735503.971974,3
1525735503.984631,3
1525735503.997072,20
1525735504.009796,16
1525735504.022079,14
1525735504.034765,9
1525735504.047461,3
1525735504.060213,1
1525735504.073086,1
1525735504.086058,1
1525735504.099061,3
1525735504.111401,16
1525735504.124116,5
1525735504.136914,6
1525735504.149752,4
1525735504.162707,4
1525735504.182485,4
1525735504.195598,4
1525735504.208674,5
1525735504.221377,2
1525735504.235217,2
1525735504.248500,3
1525735504.261475,3
1525735504.274227,3
1525735504.287254,3
1525735504.300148,4
1525735504.313000,4
1525735504.326034,6
1525735504.339389,2
1525735504.352593,5
1525735504.365265,3
1525735504.378304,6
1525735504.391115,4
1525735504.404055,4
1525735504.416976,2
1525735504.429342,16
1525735504.441854,13
1525735504.454527,0
1525735504.468542,0
1525735504.482420,0
1525735504.495973,0
1525735504.511001,0
1525735504.526591,0
1525735504.539621,0
1525735504.553981,0
1525735504.568569,0
1525735504.581312,0
1525735504.594589,0
1525735504.607087,0
1525735504.620189,4
1525735504.633298,7
1525735504.646444,5
1525735504.659550,3
1525735504.672216,6
1525735504.684950,6
1525735504.697553,8
1525735504.710339,1
1525735504.722947,0
1525735504.735912,0
1525735504.748837,0
1525735504.761989,0
1525735504.775440,0
1525735504.789612,0
1525735504.802641,0
1525735504.816058,0
1525735504.829066,5
1525735504.842252,7
1525735504.855200,11
1525735504.867866,7
1525735504.881810,1
1525735504.894934,1
1525735504.907860,1
1525735504.920730,1
1525735504.933652,0
1525735504.947285,0
1525735504.960115,0
1525735504.973044,0
1525735504.986385,0
1525735505.000923,0
1525735505.013872,0
1525735505.026606,0
1525735505.041179,4
1525735505.054134,2
1525735505.067029,7
1525735505.079960,11
1525735505.092886,0
1525735505.107214,0
1525735505.122113,0
1525735505.135202,0
1525735505.149058,0
1525735505.163624,0
1525735505.179051,0
1525735505.192053,0
1525735505.206097,0
1525735505.220486,0
1525735505.234620,0
1525735505.250691,0
1525735505.263488,0
1525735505.276728,5
1525735505.289244,3
1525735505.301561,10
1525735505.314595,4
1525735505.327865,6
1525735505.341143,3
1525735505.354477,2
1525735505.367608,2
1525735505.380595,3
1525735505.393618,3
1525735505.406596,3
1525735505.419894,2
1525735505.432430,3
1525735505.445659,3
1525735505.459390,1
1525735505.472020,2
1525735505.484824,5
1525735505.497463,5
1525735505.510690,4
1525735505.523356,3
1525735505.536235,5
1525735505.550587,3
1525735505.563477,5
1525735505.576410,5
1525735505.589841,3
1525735505.603791,3
1525735505.616770,2
1525735505.629733,1
1525735505.643498,1
1525735505.656350,1
1525735505.669581,2
1525735505.682374,3
1525735505.695144,4
1525735505.707437,14
1525735505.720498,9
1525735505.733196,3
1525735505.746061,5
1525735505.759483,4
1525735505.772353,6
1525735505.784785,8
1525735505.797621,9
1525735505.810548,7
1525735505.823349,4
1525735505.836291,4
1525735505.849666,2
1525735505.862517,7
1525735505.875723,3
1525735505.888929,3
1525735505.902025,7
1525735505.915096,3
1525735505.927891,2
1525735505.941038,0
1525735505.954215,0
1525735505.967359,5
1525735505.980181,3
1525735505.993033,5
1525735506.005968,3
1525735506.019994,1
1525735506.033165,0
1525735506.045854,0
1525735506.059145,0
1525735506.072077,0
1525735506.085574,0
1525735506.100312,3
1525735506.113206,15
1525735506.125764,2
1525735506.139118,1
1525735506.152112,1
1525735506.165716,2
1525735506.179813,2
1525735506.192924,1
1525735506.205460,9
1525735506.218765,8
1525735506.230986,14
1525735506.243907,4
1525735506.256742,4
1525735506.269601,3
1525735506.282664,6
1525735506.296338,3
1525735506.309657,1
1525735506.321976,2
1525735506.335111,6
1525735506.348641,8
1525735506.361475,4
1525735506.374118,2
1525735506.386847,4
1525735506.400320,3
1525735506.413091,2
1525735506.426350,3
1525735506.440279,13
1525735506.453021,7
1525735506.465638,6
1525735506.478785,4
1525735506.491362,4
1525735506.504160,4
1525735506.516781,4
1525735506.529518,5
1525735506.542545,5
1525735506.555370,11
1525735506.568659,10
1525735506.581190,0
1525735506.594569,0
1525735506.609517,0
1525735506.622578,0
1525735506.635531,0
1525735506.648677,0
1525735506.661629,0
1525735506.674804,0
1525735506.688331,0
1525735506.701207,6
1525735506.713988,7
1525735506.726736,10
1525735506.739845,2
1525735506.752534,1
1525735506.765434,2
1525735506.779681,2
1525735506.792583,2
1525735506.805533,3
1525735506.819082,9
1525735506.832113,2
1525735506.844671,1
1525735506.857783,0
1525735506.870636,0
1525735506.883584,0
1525735506.896371,0
1525735506.909849,0
1525735506.923113,2
1525735506.935892,4
1525735506.948972,4
1525735506.961812,3
1525735506.975303,3
1525735506.988596,8
1525735507.001366,8
1525735507.013982,6
1525735507.026767,5
1525735507.039709,3
1525735507.052801,3
1525735507.065687,5
1525735507.078667,5
1525735507.091330,4
1525735507.103976,7
1525735507.117035,4
1525735507.129763,4
1525735507.142778,9
1525735507.155721,8
1525735507.168932,4
1525735507.181703,2
1525735507.195406,2
1525735507.208441,2
1525735507.221485,2
1525735507.234708,2
1525735507.248965,2
1525735507.262016,2
1525735507.274780,2
1525735507.287568,1
1525735507.300239,4
1525735507.313236,3
1525735507.326502,3
1525735507.339912,0
1525735507.352871,4
1525735507.365484,4
1525735507.377995,8
1525735507.391034,13
1525735507.403628,12
1525735507.416330,11
1525735507.429012,1
1525735507.441454,3
1525735507.453993,0
1525735507.467032,0
1525735507.481441,0
1525735507.495241,0
1525735507.509087,0
1525735507.522882,0
1525735507.535642,0
1525735507.548715,0
1525735507.561411,0
1525735507.574386,6
1525735507.586646,16
1525735507.599664,4
1525735507.612390,3
1525735507.624613,16
1525735507.636954,15
1525735507.649684,15
1525735507.662717,0
1525735507.676750,0
1525735507.691002,0
1525735507.706281,0
1525735507.719232,0
1525735507.733165,0
1525735507.747056,0
1525735507.762290,0
1525735507.775510,0
1525735507.789699,0
1525735507.802874,10
1525735507.816436,1
1525735507.829290,11
1525735507.842107,20
1525735507.854902,14
1525735507.867811,11
1525735507.891235,6
1525735507.904207,5
1525735507.920463,2
1525735507.933803,0
1525735507.947430,0
1525735507.962098,0
1525735507.977056,0
1525735507.990388,0
1525735508.004382,0
1525735508.017069,2
1525735508.030314,6
1525735508.043193,6
1525735508.060885,7
1525735508.073588,6
1525735508.086332,7
1525735508.110396,2
1525735508.130212,0
1525735508.143037,0
1525735508.156487,0
1525735508.171518,0
1525735508.184458,0
1525735508.199063,0
1525735508.213506,0
1525735508.229513,0
1525735508.250547,0
1525735508.263647,0
1525735508.280518,0
1525735508.293662,0
1525735508.310608,0
1525735508.323136,0
1525735508.340603,0
1525735508.353801,0
1525735508.367795,0
1525735508.381870,0
1525735508.395610,0
1525735508.410097,0
1525735508.424318,0
1525735508.438906,0
1525735508.454469,0
1525735508.467735,0
1525735508.481854,0
1525735508.495612,0
1525735508.509621,0
1525735508.524955,0
1525735508.538844,0
1525735508.553314,0
1525735508.567664,0
1525735508.581239,0
1525735508.596633,0
1525735508.609605,0
1525735508.623590,0
1525735508.637473,0
1525735508.652448,0
1525735508.666960,0
1525735508.681289,0
1525735508.695898,0
1525735508.709015,0
1525735508.723745,0
1525735508.736473,0
1525735508.750609,0
1525735508.765041,0
1525735508.780353,0
1525735508.793588,0
1525735508.807686,0
1525735508.821861,0
1525735508.836998,0
1525735508.851238,0
1525735508.865410,0
1525735508.879478,0
1525735508.892935,0
1525735508.907656,0
1525735508.922806,0
1525735508.936124,0
1525735508.950616,0
1525735508.966302,0
1525735508.981858,0
1525735508.994693,0
1525735509.009164,0
1525735509.023335,0
1525735509.036280,0
1525735509.051555,0
1525735509.064501,0
1525735509.078674,0
1525735509.092757,0
1525735509.107436,0
1525735509.122395,0
1525735509.135617,0
1525735509.149760,0
1525735509.163810,0
1525735509.177565,0
1525735509.191856,0
1525735509.205661,0
1525735509.221703,0
1525735509.234781,0
1525735509.248564,0
1525735509.263003,0
1525735509.278549,0
1525735509.291621,0
1525735509.305342,0
1525735509.320084,0
1525735509.334138,0
1525735509.349804,0
1525735509.362927,0
1525735509.377344,0
1525735509.391845,0
1525735509.405706,0
1525735509.420105,0
1525735509.434201,0
1525735509.449813,0
1525735509.463591,0
1525735509.476374,0
1525735509.490241,0
1525735509.505208,0
1525735509.518315,0
1525735509.532307,0
1525735509.546322,0
1525735509.561961,0
1525735509.575083,0
1525735509.589269,0
1525735509.603508,0
1525735509.617297,0
1525735509.632603,0
1525735509.645833,0
1525735509.660482,0
1525735509.674908,0
1525735509.689151,0
1525735509.703310,0
1525735509.717429,0
1525735509.732277,0
1525735509.745552,0
1525735509.760523,0
1525735509.774147,0
1525735509.788694,0
1525735509.803118,0
1525735509.818555,0
1525735509.831621,0
1525735509.845303,0
1525735509.860427,0
1525735509.875426,0
1525735509.888223,0
1525735509.903184,0
1525735509.918208,0
1525735509.932386,0
1525735509.946137,0
1525735509.962187,0
1525735509.975238,0
1525735509.988104,0
1525735510.001852,0
1525735510.017243,0
1525735510.031101,0
1525735510.046167,0
1525735510.061066,0
1525735510.075170,0
1525735510.089776,0
1525735510.103871,0
1525735510.118180,0
1525735510.134298,0
1525735510.147275,0
1525735510.161949,0
1525735510.175965,0
1525735510.190124,0
1525735510.205145,0
1525735510.218707,0
1525735510.232379,0
1525735510.246879,0
1525735510.262286,0
1525735510.276005,0
1525735510.290209,0
1525735510.305212,0
1525735510.319483,0
1525735510.333946,0
1525735510.346838,0
1525735510.361035,0
1525735510.375476,0
1525735510.389906,0
1525735510.403571,0
1525735510.418167,0
1525735510.433674,0
1525735510.446694,0
1525735510.461005,0
1525735510.475280,0
1525735510.488170,0
1525735510.503112,0
1525735510.516170,0
1525735510.530471,0
1525735510.544772,0
1525735510.559377,0
1525735510.574403,0
1525735510.590306,0
1525735510.603315,0
1525735510.616956,0
1525735510.632003,0
1525735510.646783,0
1525735510.660002,0
1525735510.673787,0
1525735510.687812,0
1525735510.702101,0
1525735510.716434,0
1525735510.729689,0
1525735510.744221,0
1525735510.759113,0
1525735510.772858,0
1525735510.786944,0
1525735510.801301,0
1525735510.816749,0
1525735510.829864,0
1525735510.844086,0
1525735510.858818,0
1525735510.872788,0
1525735510.886938,0
