1525732578.126355,16
1525732578.139319,11
1525732578.152517,8
1525732578.165214,14
1525732578.178112,7
1525732578.190920,7
1525732578.203476,6
1525732578.216123,7
1525732578.229435,3
1525732578.242670,6
1525732578.256371,4
1525732578.269873,1
1525732578.282898,2
1525732578.297198,1
1525732578.310338,1
1525732578.323333,0
1525732578.336215,0
1525732578.348899,4
1525732578.361314,19
1525732578.373959,5
1525732578.386627,2
1525732578.399630,4
1525732578.412263,12
1525732578.424946,9
1525732578.437889,6
1525732578.450652,11
1525732578.463206,8
1525732578.476086,12
1525732578.488692,4
1525732578.501445,8
1525732578.514504,4
1525732578.527814,4
1525732578.540610,4
1525732578.553733,7
1525732578.567018,9
1525732578.579832,7
1525732578.592969,8
1525732578.606272,5
1525732578.619355,6
1525732578.631724,6
1525732578.644483,4
1525732578.657357,5
1525732578.670099,5
1525732578.683008,10
1525732578.695738,2
1525732578.708541,6
1525732578.721332,4
1525732578.733751,2
1525732578.746587,1
1525732578.759444,2
1525732578.773271,2
1525732578.786040,2
1525732578.799942,2
1525732578.813747,1
1525732578.826637,1
1525732578.839799,1
1525732578.854325,4
1525732578.867390,3
1525732578.880380,2
1525732578.893085,2
1525732578.906393,1
1525732578.920694,1
1525732578.933814,9
1525732578.946660,16
1525732578.959382,9
1525732578.972245,8
1525732578.984899,4
1525732578.998004,7
1525732579.010744,6
1525732579.023168,10
1525732579.035907,6
1525732579.048628,7
1525732579.061662,8
1525732579.074345,4
1525732579.087019,3
1525732579.099800,4
1525732579.112260,6
1525732579.125032,3
1525732579.137936,2
1525732579.151011,4
1525732579.163202,2
1525732579.176532,3
1525732579.189998,4
1525732579.202994,2
1525732579.216792,2
1525732579.230403,1
1525732579.243153,0
1525732579.257291,0
1525732579.270146,2
1525732579.282688,3
1525732579.296086,2
1525732579.308954,3
1525732579.322130,4
1525732579.334994,11
1525732579.348105,2
1525732579.361090,1
1525732579.374175,1
1525732579.387818,0
1525732579.401401,0
1525732579.414354,0
1525732579.428974,0
1525732579.441895,0
1525732579.454673,0
1525732579.468763,0
1525732579.481598,0
1525732579.494501,4
1525732579.509004,2
1525732579.521841,2
1525732579.534718,14
1525732579.547461,10
1525732579.559938,0
1525732579.573815,0
1525732579.588559,0
1525732579.601545,0
1525732579.616254,0
1525732579.629173,0
1525732579.642009,0
1525732579.655649,0
1525732579.670338,0
1525732579.683553,0
1525732579.696034,0
1525732579.709156,0
1525732579.722092,3
1525732579.735525,2
1525732579.748534,6
1525732579.760823,18
1525732579.773231,16
1525732579.785621,1
1525732579.798481,0
1525732579.812429,0
1525732579.825543,0
1525732579.838720,0
1525732579.851328,0
1525732579.865114,0
1525732579.878052,0
1525732579.891340,0
1525732579.903915,0
1525732579.917145,4
1525732579.930764,2
1525732579.943607,1
1525732579.956191,4
1525732579.969056,2
1525732579.981658,1
1525732579.993927,19
1525732580.007235,6
1525732580.020732,7
1525732580.033571,4
1525732580.046767,3
1525732580.060673,2
1525732580.073317,4
1525732580.086420,6
1525732580.099374,4
1525732580.112377,2
1525732580.125151,2
1525732580.138084,1
1525732580.150602,3
1525732580.163347,10
1525732580.176174,9
1525732580.189166,7
1525732580.201924,4
1525732580.214625,5
1525732580.229069,2
1525732580.241695,1
1525732580.254425,1
1525732580.267561,1
1525732580.280239,3
1525732580.293160,0
1525732580.306808,0
1525732580.319864,0
1525732580.332955,0
1525732580.345893,0
1525732580.358698,4
1525732580.372657,3
1525732580.387145,15
1525732580.400330,2
1525732580.412924,2
1525732580.426090,1
1525732580.439260,1
1525732580.451873,2
1525732580.464593,3
1525732580.477688,2
1525732580.490516,2
1525732580.504059,2
1525732580.517967,2
1525732580.531824,1
1525732580.544683,1
1525732580.557672,1
1525732580.571864,3
1525732580.585007,5
1525732580.597927,12
1525732580.610589,13
1525732580.623589,0
1525732580.636501,0
1525732580.649241,0
1525732580.662051,0
1525732580.674874,0
1525732580.689322,0
1525732580.702398,0
1525732580.716097,0
1525732580.729635,0
1525732580.743412,0
1525732580.757843,0
1525732580.770627,0
1525732580.783739,0
1525732580.796795,3
1525732580.809591,14
1525732580.822459,4
1525732580.834901,2
1525732580.849144,2
1525732580.862186,1
1525732580.874939,1
1525732580.887882,2
1525732580.900854,1
1525732580.913506,0
1525732580.926343,0
1525732580.939929,0
1525732580.953065,0
1525732580.966077,0
1525732580.979069,0
1525732580.992123,0
1525732581.005055,5
1525732581.018447,4
1525732581.031123,7
1525732581.043933,2
1525732581.057033,4
1525732581.069648,2
1525732581.082476,3
1525732581.096513,3
1525732581.109421,3
1525732581.122499,8
1525732581.135316,5
1525732581.148183,0
1525732581.160648,0
1525732581.173678,0
1525732581.186561,0
1525732581.199734,0
1525732581.212410,5
1525732581.225288,6
1525732581.238620,4
1525732581.251377,3
1525732581.265028,2
1525732581.278284,1
1525732581.291511,1
1525732581.304522,1
1525732581.317585,1
1525732581.330918,2
1525732581.344639,3
1525732581.357439,18
1525732581.370010,9
1525732581.382551,1
1525732581.396115,0
1525732581.408900,0
1525732581.421906,0
1525732581.434783,4
1525732581.447608,7
1525732581.460590,3
1525732581.473319,0
1525732581.485769,0
1525732581.499429,0
1525732581.513366,0
1525732581.526264,0
1525732581.539377,0
1525732581.552563,0
1525732581.565663,2
1525732581.578562,3
1525732581.591562,7
1525732581.603879,5
1525732581.616560,6
1525732581.629044,4
1525732581.642049,3
1525732581.654596,10
1525732581.668467,5
1525732581.681583,13
1525732581.694068,13
1525732581.707125,11
1525732581.720242,9
1525732581.732744,7
1525732581.745827,9
1525732581.759085,8
1525732581.772330,7
1525732581.785304,4
1525732581.798257,4
1525732581.811324,2
1525732581.824650,2
1525732581.837353,3
1525732581.849857,2
1525732581.862491,2
1525732581.875104,14
1525732581.888316,2
1525732581.901199,3
1525732581.913899,4
1525732581.926650,5
1525732581.939768,5
1525732581.952599,1
1525732581.965344,5
1525732581.978530,8
1525732581.991635,6
1525732582.004492,5
1525732582.017516,2
1525732582.030885,3
1525732582.044737,3
1525732582.057573,2
1525732582.070473,2
1525732582.083387,2
1525732582.098223,6
1525732582.111015,5
1525732582.123451,17
1525732582.136449,11
1525732582.149203,7
1525732582.161806,5
1525732582.174653,7
1525732582.187643,9
1525732582.202225,12
1525732582.214461,15
1525732582.227014,9
1525732582.240173,0
1525732582.253097,0
1525732582.266251,0
1525732582.280082,0
1525732582.294195,0
1525732582.307046,0
1525732582.319698,0
1525732582.332515,5
1525732582.345055,19
1525732582.358119,3
1525732582.370808,5
1525732582.383666,4
1525732582.397306,2
1525732582.410543,4
1525732582.423016,20
1525732582.435731,10
1525732582.448301,8
1525732582.460935,9
1525732582.473470,8
1525732582.486119,2
1525732582.500052,1
1525732582.513008,1
1525732582.525821,1
1525732582.538933,0
1525732582.552005,0
1525732582.564759,0
1525732582.578876,0
1525732582.591898,0
1525732582.605027,4
1525732582.618816,3
1525732582.633421,6
1525732582.645665,12
1525732582.658372,14
1525732582.670813,12
1525732582.683368,7
1525732582.696017,5
1525732582.708868,1
1525732582.721333,0
1525732582.733986,0
1525732582.747387,0
1525732582.761185,0
1525732582.774305,0
1525732582.787800,0
1525732582.801838,0
1525732582.814411,7
1525732582.827573,3
1525732582.840417,3
1525732582.853248,1
1525732582.866531,4
1525732582.879387,4
1525732582.892891,3
1525732582.905707,1
1525732582.918704,1
1525732582.932915,1
1525732582.945849,2
1525732582.958980,1
1525732582.972489,2
1525732582.985356,3
1525732582.998497,3
1525732583.011395,2
1525732583.024067,2
1525732583.036657,10
1525732583.049467,5
1525732583.062133,16
1525732583.074840,15
1525732583.087716,3
1525732583.100089,3
1525732583.112934,3
1525732583.125698,2
1525732583.138349,3
1525732583.152129,3
1525732583.165279,2
1525732583.178523,2
1525732583.192110,1
1525732583.204878,4
1525732583.217999,3
1525732583.231103,3
1525732583.244817,2
1525732583.258048,3
1525732583.271143,9
1525732583.283819,8
1525732583.296490,4
1525732583.309152,5
1525732583.321857,6
1525732583.334952,4
1525732583.348064,2
1525732583.360520,3
1525732583.373681,2
1525732583.386302,1
1525732583.399632,3
1525732583.412613,3
1525732583.425571,2
1525732583.438210,4
1525732583.450934,6
1525732583.463772,9
1525732583.476737,7
1525732583.489704,7
1525732583.502587,7
1525732583.515003,3
1525732583.528980,2
1525732583.542284,1
1525732583.555276,2
1525732583.568153,2
1525732583.581539,1
1525732583.594681,2
1525732583.609487,2
1525732583.622482,1
1525732583.635321,1
1525732583.649282,2
1525732583.662394,3
1525732583.675303,2
1525732583.688411,21
1525732583.700497,18
1525732583.713440,3
1525732583.726117,4
1525732583.738844,4
1525732583.751693,5
1525732583.764329,1
1525732583.777453,1
1525732583.790140,0
1525732583.803140,0
1525732583.816609,0
1525732583.829323,0
1525732583.842450,0
1525732583.855652,0
1525732583.868864,0
1525732583.882017,4
1525732583.895121,4
1525732583.908815,7
1525732583.921570,10
1525732583.934468,1
1525732583.948060,1
1525732583.961094,0
1525732583.973989,0
1525732583.986473,0
1525732583.999353,0
1525732584.012841,0
1525732584.025784,0
1525732584.039944,0
1525732584.052832,0
1525732584.065617,0
1525732584.078627,0
1525732584.092212,0
1525732584.106197,1
1525732584.119362,6
1525732584.132249,4
1525732584.144273,3
1525732584.157424,1
1525732584.170121,1
1525732584.183107,2
1525732584.197603,2
1525732584.210295,3
1525732584.223526,1
1525732584.236362,2
1525732584.249506,2
1525732584.262106,2
1525732584.275147,1
1525732584.289836,1
1525732584.302933,1
1525732584.315740,3
1525732584.328764,5
1525732584.341686,6
1525732584.354523,3
1525732584.367475,15
1525732584.380287,4
1525732584.393323,3
1525732584.406209,3
1525732584.419122,3
1525732584.432029,4
1525732584.444868,8
1525732584.457944,2
1525732584.470762,2
1525732584.483753,2
1525732584.496668,1
1525732584.509497,2
1525732584.522281,2
1525732584.535081,4
1525732584.548404,8
1525732584.560915,12
1525732584.573903,6
1525732584.587066,7
1525732584.599874,7
1525732584.612717,11
1525732584.625872,15
1525732584.638840,11
1525732584.651451,2
1525732584.664239,4
1525732584.677027,3
1525732584.690165,4
1525732584.703259,3
1525732584.716889,3
1525732584.730873,4
1525732584.743924,1
1525732584.757206,6
1525732584.770136,12
1525732584.783060,2
1525732584.796478,5
1525732584.809306,4
1525732584.822071,2
1525732584.835089,2
1525732584.849439,2
1525732584.862307,3
1525732584.875309,1
1525732584.888398,1
1525732584.901166,2
1525732584.914387,1
1525732584.929694,1
1525732584.942679,1
1525732584.955832,3
1525732584.968548,3
1525732584.981602,9
1525732584.994360,4
1525732585.007551,8
1525732585.020155,8
1525732585.032954,8
1525732585.045648,6
1525732585.058662,4
1525732585.071384,3
1525732585.084248,1
1525732585.097465,0
1525732585.110064,0
1525732585.123516,0
1525732585.136266,1
1525732585.149057,1
1525732585.161821,5
1525732585.174543,1
1525732585.189275,1
1525732585.202181,1
1525732585.214876,4
1525732585.227699,13
1525732585.240371,4
1525732585.253070,4
1525732585.266147,2
1525732585.280244,3
1525732585.293153,4
1525732585.306250,2
1525732585.319590,5
1525732585.332644,4
1525732585.345741,3
1525732585.358580,2
1525732585.371482,4
1525732585.384432,5
1525732585.397951,10
1525732585.410221,8
1525732585.423113,8
1525732585.435837,7
1525732585.449229,6
1525732585.462189,7
1525732585.474894,5
1525732585.487917,5
1525732585.500721,3
1525732585.513627,4
1525732585.526506,2
1525732585.539353,3
1525732585.552004,2
1525732585.564872,2
1525732585.577842,4
1525732585.590683,4
1525732585.603009,12
1525732585.615396,7
1525732585.628245,9
1525732585.640750,6
1525732585.653473,7
1525732585.666472,8
1525732585.679596,7
1525732585.692460,9
1525732585.705156,8
1525732585.718052,3
1525732585.731474,3
1525732585.744437,3
1525732585.757588,3
1525732585.770543,2
1525732585.783962,5
1525732585.797367,5
1525732585.809609,6
1525732585.822299,7
1525732585.835214,7
1525732585.848054,5
1525732585.860679,6
1525732585.873508,5
1525732585.886343,8
1525732585.899616,4
1525732585.912127,4
1525732585.924723,3
1525732585.937430,2
1525732585.950172,5
1525732585.963206,4
1525732585.975945,10
1525732585.988588,8
1525732586.001483,5
1525732586.014441,4
1525732586.027649,5
1525732586.040198,14
1525732586.052659,6
1525732586.065567,5
1525732586.078796,4
1525732586.091651,6
1525732586.104220,8
1525732586.117141,6
1525732586.130261,2
1525732586.143167,2
1525732586.155791,5
1525732586.169062,5
1525732586.182399,3
1525732586.195320,5
1525732586.207980,3
1525732586.220370,4
1525732586.233305,5
1525732586.246060,7
1525732586.258979,3
1525732586.271858,2
1525732586.284455,2
1525732586.297266,6
1525732586.310216,8
1525732586.323158,5
1525732586.336110,4
1525732586.349402,5
1525732586.361968,7
1525732586.374852,2
1525732586.388471,9
1525732586.401838,6
1525732586.414527,2
1525732586.427923,1
1525732586.441047,0
1525732586.453789,3
1525732586.466431,8
1525732586.479271,4
1525732586.492129,4
1525732586.505179,5
1525732586.518335,2
1525732586.531216,6
1525732586.544358,6
1525732586.557391,5
1525732586.570054,6
1525732586.582741,5
1525732586.596671,3
1525732586.609431,3
1525732586.622437,10
1525732586.635064,6
1525732586.648032,3
1525732586.660717,0
1525732586.675501,0
1525732586.688408,0
1525732586.701910,0
1525732586.714537,0
1525732586.727894,3
1525732586.741139,8
1525732586.753704,6
1525732586.766320,9
1525732586.779210,8
1525732586.792396,5
1525732586.805021,3
1525732586.818068,2
1525732586.831281,10
1525732586.843675,11
1525732586.856131,9
1525732586.869042,8
1525732586.882065,5
1525732586.895308,4
1525732586.908108,1
1525732586.920636,4
1525732586.933416,1
1525732586.946155,1
1525732586.958977,6
1525732586.971411,9
1525732586.984144,5
1525732586.996736,4
1525732587.009433,4
1525732587.022722,3
1525732587.037422,2
1525732587.050329,4
1525732587.062978,8
1525732587.075566,12
1525732587.088985,4
1525732587.101432,7
1525732587.114169,6
1525732587.127314,3
1525732587.140291,3
1525732587.152880,1
1525732587.165711,7
1525732587.178591,9
1525732587.191169,4
1525732587.203655,6
1525732587.216328,5
1525732587.229345,4
1525732587.242351,7
1525732587.255431,4
1525732587.268322,5
1525732587.280936,4
1525732587.294013,5
1525732587.307332,4
1525732587.320722,2
1525732587.333922,2
1525732587.347307,5
1525732587.360137,2
1525732587.372686,2
1525732587.385719,1
1525732587.398987,1
1525732587.411728,0
1525732587.424644,0
1525732587.437822,2
1525732587.450369,3
1525732587.463033,4
1525732587.475910,4
1525732587.488660,10
1525732587.501129,6
1525732587.514166,6
1525732587.527338,4
1525732587.540607,3
1525732587.553456,2
1525732587.566052,3
1525732587.579055,2
1525732587.593315,0
1525732587.606467,0
1525732587.619497,0
1525732587.632394,0
1525732587.645302,4
1525732587.657999,12
1525732587.670730,12
1525732587.683851,2
1525732587.696767,2
1525732587.709737,1
1525732587.723003,1
1525732587.737783,0
1525732587.750581,0
1525732587.763512,0
1525732587.776575,1
1525732587.789376,2
1525732587.802101,2
1525732587.815316,2
1525732587.829636,2
1525732587.842412,2
1525732587.855472,3
1525732587.868526,8
1525732587.881031,19
1525732587.894004,15
1525732587.906507,4
1525732587.919540,2
1525732587.932083,1
1525732587.944907,0
1525732587.958053,0
1525732587.970751,0
1525732587.983557,0
1525732587.996184,4
1525732588.008806,3
1525732588.022398,1
1525732588.035649,0
1525732588.049824,0
1525732588.062848,1
1525732588.075757,5
1525732588.088496,4
1525732588.101421,6
1525732588.113961,11
1525732588.126721,6
1525732588.139437,9
1525732588.152705,2
1525732588.165646,0
1525732588.178809,0
1525732588.191932,0
1525732588.206087,0
1525732588.219260,0
1525732588.232178,3
1525732588.244924,3
1525732588.257940,4
1525732588.270544,6
1525732588.283433,3
1525732588.295845,3
1525732588.308666,5
1525732588.321490,4
1525732588.334193,11
1525732588.346772,6
1525732588.359410,5
1525732588.371864,6
1525732588.384613,6
1525732588.398262,4
1525732588.411702,4
1525732588.424685,4
1525732588.437706,4
1525732588.450518,6
1525732588.463563,4
1525732588.476385,3
1525732588.489507,3
1525732588.502209,2
1525732588.514918,3
1525732588.527949,3
1525732588.540817,4
1525732588.553785,5
1525732588.566378,3
1525732588.579796,4
1525732588.592463,6
1525732588.605113,6
1525732588.618280,3
1525732588.630991,2
1525732588.644518,2
1525732588.657364,4
1525732588.669624,9
1525732588.682405,4
1525732588.695387,3
1525732588.709314,1
1525732588.722235,1
1525732588.735559,0
1525732588.748258,2
1525732588.760866,6
1525732588.773918,6
1525732588.787282,6
1525732588.800063,2
1525732588.812878,4
1525732588.825404,8
1525732588.838208,2
1525732588.851564,2
1525732588.864682,2
1525732588.878024,2
1525732588.890879,3
1525732588.903862,1
1525732588.916685,1
1525732588.930431,2
1525732588.944044,2
1525732588.957726,2
1525732588.970317,6
1525732588.983200,1
1525732588.996589,0
1525732589.010739,0
1525732589.025439,0
1525732589.038324,0
1525732589.051452,0
1525732589.065346,0
1525732589.078618,1
1525732589.091652,2
1525732589.104319,5
1525732589.117489,1
1525732589.131624,1
1525732589.144317,2
1525732589.157729,5
1525732589.170494,14
1525732589.182930,8
1525732589.195886,4
1525732589.209124,2
1525732589.221865,2
1525732589.234723,4
1525732589.247579,13
1525732589.259935,17
1525732589.272392,14
1525732589.285163,5
1525732589.298602,1
1525732589.311394,2
1525732589.323945,21
1525732589.336183,19
1525732589.348729,14
1525732589.361088,5
1525732589.373599,0
1525732589.386383,1
1525732589.399939,2
1525732589.412718,3
1525732589.425683,3
1525732589.438959,1
1525732589.452657,2
1525732589.465622,3
1525732589.479361,4
1525732589.491922,15
1525732589.504913,2
1525732589.517714,4
1525732589.531219,8
1525732589.543975,5
1525732589.556485,13
1525732589.569431,6
1525732589.582055,4
1525732589.594391,5
1525732589.607452,11
1525732589.620314,9
1525732589.632871,6
1525732589.645737,5
1525732589.658700,4
1525732589.672292,2
1525732589.684861,2
1525732589.697619,4
1525732589.710618,4
1525732589.723269,12
1525732589.735895,15
1525732589.748942,2
1525732589.761565,3
1525732589.774363,2
1525732589.787390,2
1525732589.800403,2
1525732589.813608,2
1525732589.826550,2
1525732589.839517,1
1525732589.852565,2
1525732589.865618,1
1525732589.878701,1
1525732589.891387,0
1525732589.904365,0
1525732589.917320,2
1525732589.930794,4
1525732589.943430,3
1525732589.956261,3
1525732589.969430,3
1525732589.982297,5
1525732589.995172,3
1525732590.009462,2
1525732590.022133,3
1525732590.037293,3
1525732590.049705,2
1525732590.062535,9
1525732590.075103,2
1525732590.089109,3
1525732590.101907,1
1525732590.114715,1
1525732590.127992,0
1525732590.140424,1
1525732590.153282,5
1525732590.166175,13
1525732590.178820,3
1525732590.191554,4
1525732590.204139,3
1525732590.216771,3
1525732590.229606,4
1525732590.242355,4
1525732590.256018,4
1525732590.269088,3
1525732590.281845,9
1525732590.294397,0
1525732590.307540,0
1525732590.322046,0
1525732590.335606,0
1525732590.349756,2
1525732590.362555,13
1525732590.375541,12
1525732590.388851,12
1525732590.401788,13
1525732590.414419,8
1525732590.427901,5
1525732590.440630,7
1525732590.453059,5
1525732590.465611,4
1525732590.478803,3
1525732590.492215,3
1525732590.505020,1
1525732590.517999,1
1525732590.530908,0
1525732590.543856,0
1525732590.556558,4
1525732590.569362,5
1525732590.582177,10
1525732590.595119,2
1525732590.608097,4
1525732590.620985,8
1525732590.633399,7
1525732590.646090,6
1525732590.659294,4
1525732590.671974,3
1525732590.684953,4
1525732590.697892,3
1525732590.710748,3
1525732590.723633,1
1525732590.736197,1
1525732590.749041,1
1525732590.761820,2
1525732590.775238,2
1525732590.790165,4
1525732590.803053,11
1525732590.815620,4
1525732590.828367,0
1525732590.841030,0
1525732590.853688,0
1525732590.866731,0
1525732590.881317,0
1525732590.894182,2
1525732590.908887,12
1525732590.921390,8
1525732590.934379,0
1525732590.949175,0
1525732590.963264,0
1525732590.976885,1
1525732590.989576,16
1525732591.002103,8
1525732591.014684,6
1525732591.027633,4
1525732591.040309,0
1525732591.053523,0
1525732591.066516,7
1525732591.079192,3
1525732591.091901,5
1525732591.104760,5
1525732591.118096,4
1525732591.130931,2
1525732591.143810,2
1525732591.157640,1
1525732591.170694,1
1525732591.183853,2
1525732591.196857,3
1525732591.209591,4
1525732591.222464,6
1525732591.235110,4
1525732591.248250,3
1525732591.261013,5
1525732591.273746,6
1525732591.287106,0
1525732591.302661,0
1525732591.316631,0
1525732591.330914,3
1525732591.343699,8
1525732591.356433,7
1525732591.369558,7
1525732591.382320,5
1525732591.396129,4
1525732591.408896,5
1525732591.421506,12
1525732591.434358,10
1525732591.447577,7
1525732591.460364,6
1525732591.473406,8
1525732591.486265,3
1525732591.499338,2
1525732591.512783,4
1525732591.525856,2
1525732591.539118,3
1525732591.552243,6
1525732591.564999,5
1525732591.578057,3
1525732591.591059,3
1525732591.604978,2
1525732591.618268,2
1525732591.630911,4
1525732591.643847,9
1525732591.656823,15
1525732591.669299,9
1525732591.682766,1
1525732591.695859,0
1525732591.709025,0
1525732591.721761,0
1525732591.734388,0
1525732591.748191,0
1525732591.761019,5
1525732591.773632,7
1525732591.786490,1
1525732591.800312,3
1525732591.814199,0
1525732591.827256,0
1525732591.839946,0
1525732591.852564,5
1525732591.865483,2
1525732591.879087,4
1525732591.892080,3
1525732591.905113,3
1525732591.918105,2
1525732591.931252,2
1525732591.943988,3
1525732591.957302,3
1525732591.970208,1
1525732591.983589,3
1525732591.998078,2
1525732592.011259,2
1525732592.023879,2
1525732592.036616,2
1525732592.049382,2
1525732592.062043,3
1525732592.074868,5
1525732592.088007,10
1525732592.100467,5
1525732592.113144,7
1525732592.126123,4
1525732592.139033,6
1525732592.152182,5
1525732592.165058,6
1525732592.178352,2
1525732592.191163,5
1525732592.204734,4
1525732592.217766,4
1525732592.230397,5
1525732592.243248,5
1525732592.255935,4
1525732592.268980,3
1525732592.281874,4
1525732592.294378,3
1525732592.307424,3
1525732592.320571,2
1525732592.332823,12
1525732592.345240,11
1525732592.357930,1
1525732592.370662,2
1525732592.383579,3
1525732592.395967,13
1525732592.409151,4
1525732592.422082,5
1525732592.434942,4
1525732592.448002,4
1525732592.460931,7
1525732592.473938,6
1525732592.486813,5
1525732592.499666,12
1525732592.512113,6
1525732592.524849,2
1525732592.537941,5
1525732592.551020,4
1525732592.564921,2
1525732592.577866,1
1525732592.590818,2
1525732592.604163,3
1525732592.617625,1
1525732592.630500,4
1525732592.643324,6
1525732592.656835,10
1525732592.669352,1
1525732592.682440,1
1525732592.695362,5
1525732592.708326,5
1525732592.721066,12
1525732592.733958,13
1525732592.746562,8
1525732592.759112,0
1525732592.771893,0
1525732592.784576,0
1525732592.797804,0
1525732592.810433,0
1525732592.823130,1
1525732592.837034,3
1525732592.849954,2
1525732592.862802,2
1525732592.875633,2
1525732592.888989,1
1525732592.901813,1
1525732592.914845,3
1525732592.927567,4
1525732592.939740,19
1525732592.952278,6
1525732592.964822,5
1525732592.977715,11
1525732592.990000,9
1525732593.002621,8
1525732593.015981,7
1525732593.028885,7
1525732593.041689,6
1525732593.054388,6
1525732593.068176,7
1525732593.080604,16
1525732593.093170,5
1525732593.105835,1
1525732593.118802,4
1525732593.131813,2
1525732593.144675,2
1525732593.157858,1
1525732593.171035,1
1525732593.184761,1
1525732593.197903,3
1525732593.210361,5
1525732593.222974,11
1525732593.235672,7
1525732593.248481,8
1525732593.261437,7
1525732593.274247,6
1525732593.287365,4
1525732593.300276,13
1525732593.312619,18
1525732593.325350,6
1525732593.338294,6
1525732593.351061,7
1525732593.363638,1
1525732593.376648,1
1525732593.389465,1
1525732593.402388,1
1525732593.415581,1
1525732593.429336,2
1525732593.441811,4
1525732593.454365,3
1525732593.466479,13
1525732593.479357,7
1525732593.491899,12
1525732593.504644,10
1525732593.517556,6
1525732593.531451,13
1525732593.544183,8
1525732593.557328,6
1525732593.570138,8
1525732593.582852,3
1525732593.596050,7
1525732593.608927,5
1525732593.621814,3
1525732593.634419,7
1525732593.647604,2
1525732593.660275,1
1525732593.673302,1
1525732593.685809,0
1525732593.699084,3
1525732593.711921,8
1525732593.724390,8
1525732593.738077,7
1525732593.750233,6
1525732593.762981,8
1525732593.775795,6
1525732593.788680,6
1525732593.801436,6
1525732593.814036,6
1525732593.827328,5
1525732593.841038,5
1525732593.853847,4
1525732593.867562,5
1525732593.880510,2
1525732593.894520,3
1525732593.908592,3
1525732593.921615,4
1525732593.934310,3
1525732593.948683,4
1525732593.961519,2
1525732593.974657,4
1525732593.987440,17
1525732594.000269,5
1525732594.013299,3
1525732594.026209,5
1525732594.039733,3
1525732594.053246,3
1525732594.066130,4
1525732594.079144,2
1525732594.091955,7
1525732594.104723,2
1525732594.117991,3
1525732594.131276,3
1525732594.144766,3
1525732594.157828,3
1525732594.171418,3
1525732594.183999,4
1525732594.196851,5
1525732594.209747,6
1525732594.222637,7
1525732594.235360,2
1525732594.249162,2
1525732594.261825,2
1525732594.274697,3
1525732594.287623,2
1525732594.300067,8
1525732594.313240,4
1525732594.326296,5
1525732594.339283,3
1525732594.353535,6
1525732594.366285,6
1525732594.379752,9
1525732594.392763,8
1525732594.405718,10
1525732594.418703,6
1525732594.431446,7
1525732594.444422,3
1525732594.457507,3
1525732594.469984,4
1525732594.482573,3
1525732594.495386,3
1525732594.508648,2
1525732594.521534,2
1525732594.534662,1
1525732594.548878,2
1525732594.561696,1
1525732594.574464,3
1525732594.587418,12
1525732594.600390,5
1525732594.613314,6
1525732594.626808,3
1525732594.639607,14
1525732594.652102,9
1525732594.664507,6
1525732594.677642,9
1525732594.690262,6
1525732594.702985,3
1525732594.715484,5
1525732594.728255,5
1525732594.741011,4
1525732594.753919,3
1525732594.767950,2
1525732594.781644,4
1525732594.794623,9
1525732594.807615,3
1525732594.820220,1
1525732594.832979,0
1525732594.846082,0
1525732594.859896,3
1525732594.872866,12
1525732594.885729,9
1525732594.898588,13
1525732594.911667,1
1525732594.924413,7
1525732594.937460,4
1525732594.950449,5
1525732594.963400,7
1525732594.976922,4
1525732594.990340,4
1525732595.002712,17
1525732595.015277,13
1525732595.028018,15
1525732595.040758,4
1525732595.053664,2
1525732595.066487,1
1525732595.079869,2
1525732595.092642,11
1525732595.105033,8
1525732595.118035,4
1525732595.131351,4
1525732595.144236,7
1525732595.157450,6
1525732595.171065,3
1525732595.184133,3
1525732595.197401,3
1525732595.210335,4
1525732595.223265,6
1525732595.235904,5
1525732595.248828,5
1525732595.261658,7
1525732595.274475,8
1525732595.287851,3
1525732595.300722,5
1525732595.313328,4
1525732595.326299,6
1525732595.339155,5
1525732595.352537,2
1525732595.365167,5
1525732595.378215,2
1525732595.391053,3
1525732595.403960,2
1525732595.416460,4
1525732595.429404,14
1525732595.442186,4
1525732595.454953,4
1525732595.468638,3
1525732595.482729,0
1525732595.497460,0
1525732595.511318,0
1525732595.526141,0
1525732595.538922,0
1525732595.551963,0
1525732595.564558,0
1525732595.577565,4
1525732595.590330,3
1525732595.603428,2
1525732595.617292,1
1525732595.629953,0
1525732595.642817,0
1525732595.656230,4
1525732595.668990,13
1525732595.681181,8
1525732595.693734,7
1525732595.706317,5
1525732595.719252,6
1525732595.732369,6
1525732595.744878,2
1525732595.757943,3
1525732595.770976,4
1525732595.784621,3
1525732595.797637,5
1525732595.810489,9
1525732595.823528,3
1525732595.836362,4
1525732595.849076,2
1525732595.861903,5
1525732595.874725,17
1525732595.887724,4
1525732595.900007,4
1525732595.912589,3
1525732595.925003,6
1525732595.937695,14
1525732595.950283,10
1525732595.963135,5
1525732595.976121,4
1525732595.988975,4
1525732596.001613,5
1525732596.014556,6
1525732596.027479,6
1525732596.040050,6
1525732596.053087,5
1525732596.066060,10
1525732596.079072,8
1525732596.091852,8
1525732596.104432,6
1525732596.116987,7
1525732596.130489,4
1525732596.143104,3
1525732596.155550,5
1525732596.168960,5
1525732596.181830,4
1525732596.194556,6
1525732596.207451,5
1525732596.220132,4
1525732596.232846,4
1525732596.245535,4
1525732596.258794,3
1525732596.272617,4
1525732596.285276,6
1525732596.298066,6
1525732596.310746,5
1525732596.323710,5
1525732596.336478,5
1525732596.348981,7
1525732596.362035,5
1525732596.374885,4
1525732596.387708,1
1525732596.400753,5
1525732596.413438,12
1525732596.426009,9
1525732596.439131,7
1525732596.451591,11
1525732596.464661,7
1525732596.477791,4
1525732596.490333,11
1525732596.502937,9
1525732596.515488,5
1525732596.528307,2
1525732596.541126,2
1525732596.554014,0
1525732596.566970,0
1525732596.580726,0
1525732596.594709,0
1525732596.607997,0
1525732596.620789,4
1525732596.633400,14
1525732596.646089,4
1525732596.658789,4
1525732596.671778,5
1525732596.684577,7
1525732596.697680,12
1525732596.710403,9
1525732596.722846,15
1525732596.735574,5
1525732596.748495,3
1525732596.761148,3
1525732596.773898,4
1525732596.786559,3
1525732596.800703,4
1525732596.813681,3
1525732596.826699,4
1525732596.840184,3
1525732596.852896,2
1525732596.865911,2
1525732596.879420,3
1525732596.892688,2
1525732596.905578,7
1525732596.918536,15
1525732596.931400,13
1525732596.944368,0
1525732596.958061,0
1525732596.971895,0
1525732596.984619,0
1525732597.000036,0
1525732597.012982,0
1525732597.026639,0
1525732597.039457,0
1525732597.052154,0
1525732597.065233,0
1525732597.078431,2
1525732597.091174,13
1525732597.103560,7
1525732597.116597,7
1525732597.129674,6
1525732597.142416,4
1525732597.156208,3
1525732597.169619,5
1525732597.182603,3
1525732597.195742,4
1525732597.208732,4
1525732597.221626,6
1525732597.234458,3
1525732597.246976,4
1525732597.260114,5
1525732597.272811,5
1525732597.285390,5
1525732597.298294,6
1525732597.310893,2
1525732597.323348,6
1525732597.336395,4
1525732597.349902,2
1525732597.362742,5
1525732597.376337,1
1525732597.390235,4
1525732597.403207,3
1525732597.416148,2
1525732597.429558,3
1525732597.442532,3
1525732597.455475,4
1525732597.468689,1
1525732597.481727,1
1525732597.494962,2
1525732597.509786,2
1525732597.522986,2
1525732597.536239,3
1525732597.549059,13
1525732597.561976,12
1525732597.574610,0
1525732597.587558,0
1525732597.601323,0
1525732597.615082,0
1525732597.628661,0
1525732597.642774,0
1525732597.657408,0
1525732597.671201,0
1525732597.685675,0
1525732597.699901,0
1525732597.714996,0
1525732597.728912,0
1525732597.741761,0
1525732597.754902,2
1525732597.769210,2
1525732597.781958,10
1525732597.794601,7
1525732597.808028,2
1525732597.820815,6
1525732597.837688,3
1525732597.850479,6
1525732597.863589,2
1525732597.877276,1
1525732597.890338,1
1525732597.903472,1
1525732597.915952,1
1525732597.929519,1
1525732597.942583,2
1525732597.955918,3
1525732597.969802,5
1525732597.982899,4
1525732597.995224,16
1525732598.007897,13
1525732598.020762,4
1525732598.033572,0
1525732598.047596,0
1525732598.060947,0
1525732598.074416,0
1525732598.089073,0
1525732598.102026,0
1525732598.115605,0
1525732598.130607,0
1525732598.143335,0
1525732598.168118,0
1525732598.190739,4
1525732598.203551,9
1525732598.219621,0
1525732598.232413,0
1525732598.245252,0
1525732598.258124,0
1525732598.271384,0
1525732598.284054,0
1525732598.297935,0
1525732598.312313,0
1525732598.327789,0
1525732598.340750,0
1525732598.354330,0
1525732598.369578,0
1525732598.382812,0
1525732598.398187,0
1525732598.412349,0
1525732598.429464,4
1525732598.442090,7
1525732598.455375,2
1525732598.469272,0
1525732598.482062,0
1525732598.495551,0
1525732598.508478,0
1525732598.521470,0
1525732598.535675,0
1525732598.548895,0
1525732598.562703,0
1525732598.578162,0
1525732598.591144,0
1525732598.604724,0
1525732598.621013,0
1525732598.633840,0
1525732598.649563,0
1525732598.665096,5
1525732598.677894,8
1525732598.690918,2
1525732598.709463,0
1525732598.722118,0
1525732598.735009,0
1525732598.747512,0
1525732598.759868,0
1525732598.772608,0
1525732598.785153,0
1525732598.799181,0
1525732598.812818,0
1525732598.827298,0
1525732598.842198,0
1525732598.855420,0
1525732598.869068,0
1525732598.883388,0
1525732598.897423,0
1525732598.912493,0
1525732598.926204,0
1525732598.940132,0
1525732598.955429,0
1525732598.968421,0
1525732598.981950,0
1525732598.996272,0
1525732599.011234,0
1525732599.024193,0
1525732599.038077,0
1525732599.051924,0
1525732599.066655,0
1525732599.079640,0
1525732599.093466,0
1525732599.108405,0
1525732599.123555,0
1525732599.136519,0
1525732599.149562,0
1525732599.163388,0
1525732599.177372,0
1525732599.190271,0
1525732599.204113,0
1525732599.218228,0
1525732599.232572,0
1525732599.248316,0
1525732599.261092,0
1525732599.275275,0
1525732599.290027,0
1525732599.304005,0
1525732599.318823,0
1525732599.333268,0
1525732599.346982,0
1525732599.362055,0
1525732599.374943,0
1525732599.388061,0
1525732599.401644,0
1525732599.414531,0
1525732599.427812,0
1525732599.440490,0
1525732599.453209,0
1525732599.467603,0
1525732599.481319,0
1525732599.495663,0
1525732599.510910,0
1525732599.524185,0
1525732599.538197,0
1525732599.551843,0
1525732599.566722,0
1525732599.579842,0
1525732599.593979,0
1525732599.608409,0
1525732599.622266,0
1525732599.636701,0
1525732599.651665,0
1525732599.664550,0
1525732599.678713,0
1525732599.693033,0
1525732599.707727,0
1525732599.722949,0
1525732599.736101,0
1525732599.750058,0
1525732599.764618,0
1525732599.778864,0
1525732599.793196,0
1525732599.807684,0
1525732599.821981,0
1525732599.836281,0
1525732599.850118,0
1525732599.864618,0
1525732599.879404,0
1525732599.894321,0
1525732599.907505,0
1525732599.921288,0
1525732599.936218,0
1525732599.951349,0
1525732599.964267,0
1525732599.977952,0
1525732599.992275,0
1525732600.006702,0
1525732600.020328,0
1525732600.034696,0
1525732600.049677,0
1525732600.064438,0
1525732600.077717,0
1525732600.091427,0
1525732600.106097,0
1525732600.119285,0
1525732600.133043,0
1525732600.147285,0
1525732600.162236,0
1525732600.174541,0
1525732600.188054,0
1525732600.201630,0
1525732600.215285,0
1525732600.229218,0
1525732600.243218,0
1525732600.256812,0
1525732600.270339,0
1525732600.284160,0
1525732600.298556,0
1525732600.312355,0
1525732600.326879,0
1525732600.340485,0
1525732600.355254,0
1525732600.369504,0
1525732600.384144,0
1525732600.397721,0
1525732600.410268,0
1525732600.424034,0
1525732600.437909,0
1525732600.452737,0
1525732600.466846,0
1525732600.480830,0
1525732600.495462,0
1525732600.510160,0
1525732600.524179,0
1525732600.537157,0
1525732600.550876,0
1525732600.565212,0
1525732600.579322,0
1525732600.593744,0
1525732600.607790,0
1525732600.623472,0
1525732600.636267,0
1525732600.649213,0
1525732600.664119,0
1525732600.678178,0
1525732600.692411,0
1525732600.706368,0
1525732600.721463,0
1525732600.735309,0
1525732600.749291,0
1525732600.763413,0
1525732600.776716,0
1525732600.791121,0
1525732600.806259,0
1525732600.819426,0
1525732600.833220,0
1525732600.847244,0
1525732600.862423,0
1525732600.875308,0
1525732600.889145,0
1525732600.903359,0
1525732600.918692,0
1525732600.932089,0
1525732600.945778,0
1525732600.960425,0
1525732600.975172,0
1525732600.989167,0
1525732601.003345,0
1525732601.017879,0
1525732601.031611,0
1525732601.045124,0
1525732601.059357,0
1525732601.073202,0
1525732601.087389,0
1525732601.100831,0
1525732601.114859,0
1525732601.130157,0
1525732601.144072,0
1525732601.157806,0
1525732601.173096,0
