1525735417.132134,3
1525735417.147130,23
1525735417.159740,20
1525735417.172383,8
1525735417.185395,7
1525735417.198210,2
1525735417.211471,2
1525735417.224440,0
1525735417.237646,0
1525735417.250902,0
1525735417.263766,0
1525735417.276602,0
1525735417.290377,0
1525735417.303114,0
1525735417.316938,0
1525735417.331178,0
1525735417.344584,0
1525735417.357864,0
1525735417.370990,5
1525735417.384329,1
1525735417.397262,4
1525735417.410257,2
1525735417.423397,10
1525735417.436391,2
1525735417.449596,2
1525735417.462301,2
1525735417.475385,1
1525735417.489180,1
1525735417.502160,3
1525735417.515143,1
1525735417.528252,2
1525735417.541886,2
1525735417.555120,1
1525735417.567998,2
1525735417.581119,3
1525735417.593853,5
1525735417.606601,2
1525735417.619252,9
1525735417.631906,1
1525735417.644468,1
1525735417.657827,0
1525735417.671928,0
1525735417.686069,0
1525735417.699798,0
1525735417.713013,0
1525735417.725907,0
1525735417.738580,0
1525735417.752120,0
1525735417.766281,0
1525735417.779056,0
1525735417.792064,8
1525735417.804697,16
1525735417.817659,4
1525735417.830639,4
1525735417.843974,2
1525735417.856988,2
1525735417.869903,2
1525735417.882603,2
1525735417.895831,1
1525735417.908768,1
1525735417.921321,1
1525735417.934977,1
1525735417.948838,2
1525735417.962674,1
1525735417.975512,1
1525735417.988452,1
1525735418.001666,1
1525735418.014492,2
1525735418.027329,1
1525735418.040897,13
1525735418.053776,7
1525735418.066482,0
1525735418.079074,0
1525735418.092917,0
1525735418.106948,0
1525735418.121053,0
1525735418.134729,0
1525735418.147691,0
1525735418.161834,0
1525735418.175323,0
1525735418.190586,0
1525735418.203610,0
1525735418.217644,0
1525735418.230689,0
1525735418.243780,5
1525735418.256506,3
1525735418.269782,2
1525735418.282479,1
1525735418.295666,1
1525735418.309126,2
1525735418.322107,2
1525735418.335306,2
1525735418.348799,2
1525735418.361260,2
1525735418.374062,2
1525735418.387146,2
1525735418.400137,1
1525735418.412486,1
1525735418.425224,1
1525735418.438197,1
1525735418.451298,1
1525735418.464663,2
1525735418.477989,3
1525735418.491414,7
1525735418.504014,3
1525735418.516701,4
1525735418.529671,2
1525735418.543005,2
1525735418.556553,3
1525735418.570645,3
1525735418.583367,2
1525735418.596345,0
1525735418.609698,0
1525735418.622845,0
1525735418.635802,0
1525735418.649988,0
1525735418.662736,0
1525735418.676044,3
1525735418.688778,11
1525735418.701698,5
1525735418.714367,8
1525735418.727416,6
1525735418.740917,6
1525735418.753225,6
1525735418.765857,4
1525735418.779185,2
1525735418.793436,2
1525735418.806678,2
1525735418.819959,2
1525735418.832878,1
1525735418.845790,2
1525735418.858466,4
1525735418.872521,3
1525735418.885535,6
1525735418.898371,7
1525735418.911468,6
1525735418.924359,5
1525735418.936722,14
1525735418.949812,7
1525735418.962578,7
1525735418.975669,6
1525735418.988453,7
1525735419.001253,5
1525735419.014174,5
1525735419.027069,4
1525735419.040177,2
1525735419.053280,3
1525735419.066445,3
1525735419.079783,4
1525735419.093536,10
1525735419.106417,2
1525735419.119642,5
1525735419.133824,9
1525735419.146589,6
1525735419.160012,7
1525735419.172772,5
1525735419.185853,4
1525735419.199051,3
1525735419.211812,5
1525735419.225307,1
1525735419.238222,3
1525735419.251506,2
1525735419.264442,3
1525735419.277654,1
1525735419.290400,0
1525735419.303665,0
1525735419.317887,0
1525735419.331142,3
1525735419.344747,5
1525735419.357273,14
1525735419.370211,1
1525735419.383017,3
1525735419.396070,8
1525735419.409074,6
1525735419.422179,4
1525735419.435261,2
1525735419.448078,4
1525735419.461080,2
1525735419.474098,2
1525735419.486879,3
1525735419.500213,3
1525735419.514076,4
1525735419.526881,2
1525735419.540424,2
1525735419.553657,2
1525735419.567032,4
1525735419.581764,0
1525735419.594144,19
1525735419.606722,12
1525735419.619927,6
1525735419.632554,1
1525735419.645472,1
1525735419.658325,1
1525735419.671656,1
1525735419.685191,0
1525735419.698321,0
1525735419.711367,0
1525735419.724191,0
1525735419.737887,2
1525735419.750916,5
1525735419.763916,3
1525735419.776900,9
1525735419.791929,4
1525735419.804594,10
1525735419.817395,9
1525735419.830320,7
1525735419.843533,7
1525735419.856774,8
1525735419.869876,5
1525735419.882844,3
1525735419.895579,1
1525735419.909345,0
1525735419.924339,0
1525735419.938319,0
1525735419.951252,0
1525735419.963964,0
1525735419.976858,2
1525735419.990436,1
1525735420.003555,1
1525735420.016606,5
1525735420.029323,2
1525735420.042489,3
1525735420.055489,13
1525735420.068207,5
1525735420.081574,5
1525735420.094094,5
1525735420.107011,4
1525735420.119818,1
1525735420.132974,3
1525735420.145755,3
1525735420.158643,4
1525735420.172148,3
1525735420.184737,6
1525735420.197203,15
1525735420.210359,8
1525735420.223216,5
1525735420.235859,7
1525735420.248563,6
1525735420.261596,4
1525735420.274629,4
1525735420.287328,6
1525735420.300431,1
1525735420.313084,3
1525735420.326218,4
1525735420.339042,7
1525735420.352377,5
1525735420.365243,5
1525735420.378113,4
1525735420.390933,4
1525735420.403766,3
1525735420.416549,8
1525735420.429778,8
1525735420.442598,4
1525735420.455783,2
1525735420.468204,17
1525735420.480908,11
1525735420.493509,0
1525735420.506592,0
1525735420.520476,0
1525735420.533537,0
1525735420.546231,0
1525735420.559814,0
1525735420.574137,0
1525735420.587077,0
1525735420.600076,0
1525735420.614145,0
1525735420.626995,0
1525735420.640759,5
1525735420.653855,5
1525735420.666752,11
1525735420.679725,9
1525735420.692944,2
1525735420.705665,3
1525735420.718622,3
1525735420.731800,1
1525735420.745842,2
1525735420.759053,1
1525735420.772053,1
1525735420.785026,1
1525735420.797908,0
1525735420.811402,0
1525735420.825468,0
1525735420.838443,0
1525735420.851575,0
1525735420.864377,1
1525735420.877595,11
1525735420.890176,17
1525735420.902345,16
1525735420.914844,15
1525735420.927484,9
1525735420.940298,2
1525735420.953323,2
1525735420.966321,5
1525735420.979036,2
1525735420.992910,3
1525735421.006098,5
1525735421.018975,2
1525735421.032074,2
1525735421.045193,1
1525735421.058503,1
1525735421.073056,2
1525735421.086080,6
1525735421.099557,8
1525735421.112403,7
1525735421.124943,1
1525735421.137694,0
1525735421.150822,0
1525735421.165205,0
1525735421.177997,0
1525735421.192060,0
1525735421.206201,0
1525735421.221404,0
1525735421.234455,0
1525735421.247644,0
1525735421.261749,0
1525735421.274141,0
1525735421.287034,0
1525735421.300330,4
1525735421.313251,5
1525735421.326128,5
1525735421.339171,1
1525735421.352085,2
1525735421.364756,2
1525735421.377668,0
1525735421.390550,0
1525735421.403620,0
1525735421.416423,0
1525735421.429653,0
1525735421.442364,0
1525735421.455382,0
1525735421.469029,0
1525735421.481814,0
1525735421.496025,0
1525735421.508741,0
1525735421.521506,8
1525735421.533644,19
1525735421.546026,17
1525735421.558351,2
1525735421.571301,0
1525735421.585249,0
1525735421.599006,0
1525735421.613610,0
1525735421.627921,0
1525735421.642883,0
1525735421.656663,0
1525735421.670875,0
1525735421.685816,0
1525735421.699953,0
1525735421.713880,0
1525735421.728102,0
1525735421.741573,5
1525735421.754542,4
1525735421.766997,15
1525735421.779878,4
1525735421.793182,4
1525735421.806334,5
1525735421.819015,3
1525735421.831763,6
1525735421.845001,5
1525735421.857437,3
1525735421.870378,6
1525735421.882860,3
1525735421.896675,5
1525735421.909896,2
1525735421.922872,2
1525735421.935556,6
1525735421.948544,4
1525735421.961947,2
1525735421.974902,8
1525735421.987663,7
1525735422.000617,4
1525735422.013657,4
1525735422.026615,8
1525735422.039878,6
1525735422.053438,5
1525735422.066334,7
1525735422.079186,4
1525735422.091845,5
1525735422.104712,5
1525735422.117435,8
1525735422.130578,3
1525735422.144139,6
1525735422.156897,9
1525735422.169988,6
1525735422.182751,7
1525735422.195647,6
1525735422.208832,5
1525735422.222029,6
1525735422.235102,4
1525735422.248301,7
1525735422.261425,5
1525735422.274365,5
1525735422.287289,3
1525735422.299678,6
1525735422.312308,10
1525735422.325199,9
1525735422.337965,3
1525735422.351367,1
1525735422.364501,3
1525735422.377200,7
1525735422.390277,14
1525735422.403168,9
1525735422.416084,9
1525735422.428894,6
1525735422.441711,3
1525735422.454819,5
1525735422.467787,10
1525735422.480884,5
1525735422.493756,7
1525735422.506378,10
1525735422.519111,9
1525735422.531865,7
1525735422.544707,8
1525735422.557691,6
1525735422.570873,2
1525735422.584031,3
1525735422.597034,3
1525735422.610225,1
1525735422.623112,2
1525735422.635875,2
1525735422.650536,1
1525735422.664017,2
1525735422.677123,2
1525735422.690360,2
1525735422.703313,6
1525735422.716205,6
1525735422.728866,4
1525735422.742221,5
1525735422.755319,8
1525735422.768013,2
1525735422.780795,1
1525735422.793587,0
1525735422.806416,8
1525735422.818502,11
1525735422.831595,4
1525735422.845032,5
1525735422.857959,4
1525735422.870841,10
1525735422.884258,5
1525735422.897376,5
1525735422.910393,2
1525735422.923022,3
1525735422.936647,3
1525735422.949897,3
1525735422.963066,17
1525735422.975569,14
1525735422.988550,10
1525735423.001436,0
1525735423.015209,0
1525735423.028976,0
1525735423.043922,0
1525735423.056950,0
1525735423.070921,0
1525735423.084939,0
1525735423.099861,0
1525735423.112796,0
1525735423.125802,0
1525735423.138847,0
1525735423.151894,0
1525735423.165070,5
1525735423.177904,2
1525735423.190525,8
1525735423.203150,3
1525735423.215660,4
1525735423.228667,4
1525735423.241350,3
1525735423.254421,2
1525735423.267662,4
1525735423.281461,10
1525735423.294363,8
1525735423.307264,0
1525735423.320119,0
1525735423.333174,0
1525735423.347570,0
1525735423.360775,0
1525735423.373714,9
1525735423.386470,14
1525735423.399275,7
1525735423.412586,2
1525735423.425640,3
1525735423.438859,3
1525735423.451922,3
1525735423.465020,2
1525735423.477914,6
1525735423.491091,3
1525735423.503464,11
1525735423.516231,5
1525735423.529020,4
1525735423.542325,3
1525735423.555760,2
1525735423.569946,1
1525735423.582850,3
1525735423.595889,4
1525735423.608378,5
1525735423.621437,6
1525735423.634110,5
1525735423.647347,2
1525735423.660219,3
1525735423.673042,3
1525735423.685534,4
1525735423.698449,5
1525735423.712251,7
1525735423.725221,4
1525735423.738178,4
1525735423.750923,6
1525735423.763665,4
1525735423.776322,7
1525735423.789097,4
1525735423.802269,2
1525735423.815242,3
1525735423.828080,3
1525735423.840975,1
1525735423.854056,6
1525735423.866866,13
1525735423.880324,3
1525735423.893444,3
1525735423.906082,3
1525735423.919111,1
1525735423.933135,0
1525735423.946167,0
1525735423.959028,0
1525735423.972715,0
1525735423.985421,0
1525735423.998237,1
1525735424.012140,3
1525735424.024941,8
1525735424.037681,3
1525735424.050743,8
1525735424.063119,10
1525735424.075515,5
1525735424.088239,0
1525735424.101999,0
1525735424.115409,0
1525735424.133086,0
1525735424.146534,0
1525735424.159992,0
1525735424.173317,0
1525735424.186414,0
1525735424.200937,0
1525735424.214472,2
1525735424.227511,4
1525735424.240645,3
1525735424.253372,12
1525735424.266068,7
1525735424.279095,5
1525735424.292006,8
1525735424.305178,8
1525735424.318114,10
1525735424.331252,10
1525735424.344920,7
1525735424.357784,5
1525735424.370921,3
1525735424.383928,3
1525735424.396885,5
1525735424.410124,4
1525735424.422425,6
1525735424.435050,9
1525735424.447924,6
1525735424.460834,9
1525735424.473961,7
1525735424.486743,2
1525735424.499902,2
1525735424.512812,4
1525735424.525939,2
1525735424.539029,2
1525735424.552416,3
1525735424.565447,2
1525735424.579670,1
1525735424.592487,1
1525735424.604985,1
1525735424.617947,0
1525735424.631049,0
1525735424.645909,0
1525735424.658914,0
1525735424.671848,5
1525735424.684618,6
1525735424.696723,19
1525735424.709808,10
1525735424.722482,4
1525735424.735146,3
1525735424.747810,4
1525735424.760333,4
1525735424.773344,3
1525735424.786090,3
1525735424.798888,5
1525735424.812977,2
1525735424.826269,2
1525735424.839029,0
1525735424.851957,0
1525735424.864894,1
1525735424.877625,12
1525735424.890460,1
1525735424.902785,9
1525735424.915592,10
1525735424.928064,10
1525735424.940886,7
1525735424.953621,9
1525735424.966991,7
1525735424.981007,6
1525735424.993978,5
1525735425.006833,3
1525735425.020882,5
1525735425.033924,5
1525735425.047447,2
1525735425.060241,3
1525735425.073144,6
1525735425.085847,5
1525735425.098382,1
1525735425.111092,13
1525735425.123867,8
1525735425.136724,1
1525735425.150549,1
1525735425.163435,7
1525735425.176979,1
1525735425.190139,0
1525735425.203167,0
1525735425.215858,0
1525735425.228491,0
1525735425.241549,0
1525735425.254475,0
1525735425.268273,0
1525735425.282687,0
1525735425.295781,3
1525735425.308646,3
1525735425.321675,8
1525735425.334266,14
1525735425.348249,1
1525735425.361362,2
1525735425.374062,1
1525735425.388027,5
1525735425.401317,3
1525735425.414474,4
1525735425.427253,4
1525735425.441152,2
1525735425.454284,2
1525735425.467019,1
1525735425.480468,1
1525735425.493438,0
1525735425.506579,2
1525735425.520086,5
1525735425.534132,10
1525735425.547250,6
1525735425.560171,5
1525735425.572892,5
1525735425.586038,0
1525735425.600725,0
1525735425.613438,0
1525735425.626128,0
1525735425.638834,0
1525735425.652029,0
1525735425.665169,0
1525735425.678263,0
1525735425.692300,0
1525735425.706599,0
1525735425.719891,0
1525735425.732700,0
1525735425.745262,4
1525735425.758062,5
1525735425.770963,5
1525735425.784033,0
1525735425.796869,0
1525735425.809917,0
1525735425.822893,0
1525735425.837139,0
1525735425.851421,0
1525735425.864292,0
1525735425.877347,0
1525735425.890580,0
1525735425.903670,0
1525735425.916628,0
1525735425.930516,0
1525735425.946057,0
1525735425.959144,4
1525735425.972244,6
1525735425.985453,6
1525735425.998365,9
1525735426.011386,4
1525735426.024310,3
1525735426.036844,4
1525735426.049752,2
1525735426.062763,3
1525735426.076486,4
1525735426.090079,2
1525735426.103002,4
1525735426.115860,11
1525735426.128645,7
1525735426.142274,6
1525735426.155502,5
1525735426.168464,8
1525735426.181514,4
1525735426.194535,3
1525735426.207328,5
1525735426.220289,4
1525735426.233235,4
1525735426.246110,5
1525735426.258871,6
1525735426.271753,3
1525735426.285146,4
1525735426.297749,3
1525735426.311147,2
1525735426.324352,3
1525735426.337056,6
1525735426.350084,3
1525735426.362970,4
1525735426.375919,3
1525735426.388967,2
1525735426.402030,6
1525735426.414803,4
1525735426.427280,17
1525735426.440200,1
1525735426.452669,1
1525735426.465715,0
1525735426.479826,0
1525735426.493467,0
1525735426.508422,0
1525735426.523619,0
1525735426.537387,1
1525735426.550486,2
1525735426.564064,0
1525735426.577790,0
1525735426.591856,4
1525735426.604900,9
1525735426.617657,8
1525735426.631025,4
1525735426.643689,15
1525735426.656412,13
1525735426.668946,8
1525735426.681890,7
1525735426.694429,4
1525735426.707268,4
1525735426.721148,3
1525735426.733828,4
1525735426.746793,5
1525735426.759964,3
1525735426.773091,5
1525735426.785861,3
1525735426.798811,2
1525735426.812697,1
1525735426.825777,6
1525735426.838011,22
1525735426.850510,9
1525735426.863418,12
1525735426.875963,9
1525735426.888556,5
1525735426.902195,4
1525735426.915277,4
1525735426.927854,1
1525735426.941746,1
1525735426.954818,0
1525735426.967635,0
1525735426.980692,0
1525735426.994019,0
1525735427.007927,0
1525735427.021964,0
1525735427.034808,2
1525735427.047580,11
1525735427.060563,16
1525735427.072874,16
1525735427.085388,0
1525735427.098647,0
1525735427.112524,0
1525735427.126515,0
1525735427.141365,0
1525735427.154383,0
1525735427.168025,0
1525735427.182419,0
1525735427.196742,0
1525735427.211422,0
1525735427.225264,0
1525735427.239969,0
1525735427.254253,1
1525735427.267160,3
1525735427.279910,6
1525735427.292420,9
1525735427.304937,8
1525735427.317380,3
1525735427.330701,4
1525735427.344038,5
1525735427.356625,10
1525735427.369167,5
1525735427.381784,7
1525735427.394598,4
1525735427.407261,6
1525735427.420295,3
1525735427.433223,4
1525735427.446418,3
1525735427.459518,2
1525735427.473354,1
1525735427.486225,8
1525735427.499553,3
1525735427.512639,3
1525735427.525639,2
1525735427.538603,1
1525735427.551662,1
1525735427.564248,0
1525735427.577291,0
1525735427.590783,0
1525735427.604268,0
1525735427.618808,0
1525735427.632024,0
1525735427.644732,0
1525735427.658034,0
1525735427.673553,0
1525735427.686327,6
1525735427.699827,5
1525735427.712319,10
1525735427.725409,1
1525735427.738560,1
1525735427.751953,1
1525735427.765902,2
1525735427.779161,3
1525735427.792197,2
1525735427.805167,2
1525735427.818409,1
1525735427.832058,2
1525735427.846904,2
1525735427.861348,3
1525735427.874345,2
1525735427.887733,1
1525735427.901081,2
1525735427.914275,3
1525735427.927301,2
1525735427.941937,2
1525735427.954704,3
1525735427.967767,2
1525735427.980725,1
1525735427.993551,0
1525735428.007144,0
1525735428.021199,0
1525735428.034976,0
1525735428.048084,0
1525735428.061250,0
1525735428.074184,0
1525735428.087180,0
1525735428.101074,0
1525735428.113653,2
1525735428.127233,3
1525735428.140669,5
1525735428.153607,3
1525735428.166512,1
1525735428.180128,0
1525735428.194516,0
1525735428.207136,0
1525735428.221551,0
1525735428.234494,0
1525735428.248560,0
1525735428.261526,0
1525735428.274426,0
1525735428.287542,0
1525735428.301873,0
1525735428.314962,0
1525735428.327721,2
1525735428.340899,3
1525735428.353787,5
1525735428.366385,17
1525735428.378797,11
1525735428.391834,2
1525735428.405004,2
1525735428.418125,4
1525735428.430927,1
1525735428.444888,1
1525735428.458004,3
1525735428.471270,2
1525735428.483878,2
1525735428.498007,3
1525735428.510963,13
1525735428.523861,3
1525735428.536757,4
1525735428.550484,5
1525735428.563494,12
1525735428.576369,13
1525735428.589222,6
1525735428.602723,4
1525735428.615326,4
1525735428.627967,10
1525735428.640686,4
1525735428.653718,4
1525735428.666543,5
1525735428.679187,10
1525735428.692159,4
1525735428.704943,3
1525735428.717598,3
1525735428.730729,2
1525735428.744241,4
1525735428.757342,3
1525735428.770189,8
1525735428.782856,1
1525735428.795850,2
1525735428.808948,2
1525735428.821698,5
1525735428.834841,2
1525735428.848989,1
1525735428.861477,5
1525735428.874542,2
1525735428.888406,1
1525735428.901608,0
1525735428.914389,3
1525735428.927674,2
1525735428.940575,11
1525735428.953216,4
1525735428.966115,3
1525735428.979947,4
1525735428.992656,1
1525735429.005817,6
1525735429.018555,6
1525735429.031669,3
1525735429.044536,5
1525735429.057595,11
1525735429.070305,5
1525735429.083145,6
1525735429.095784,5
1525735429.108535,5
1525735429.121539,2
1525735429.134452,1
1525735429.147597,0
1525735429.161459,0
1525735429.174355,0
1525735429.187687,5
1525735429.201026,3
1525735429.213668,8
1525735429.226298,7
1525735429.239788,0
1525735429.252847,0
1525735429.265774,0
1525735429.278445,0
1525735429.292521,0
1525735429.306438,0
1525735429.319220,0
1525735429.332197,0
1525735429.345456,0
1525735429.358332,0
1525735429.372237,0
1525735429.386157,0
1525735429.398968,2
1525735429.411985,3
1525735429.425478,7
1525735429.438356,13
1525735429.451158,12
1525735429.463817,9
1525735429.476794,2
1525735429.489793,1
1525735429.502878,1
1525735429.517107,1
1525735429.530657,1
1525735429.544017,2
1525735429.557353,0
1525735429.570312,0
1525735429.583651,0
1525735429.597811,0
1525735429.611149,1
1525735429.624273,4
1525735429.637201,4
1525735429.649998,13
1525735429.662855,5
1525735429.675573,4
1525735429.688517,3
1525735429.702069,3
1525735429.715055,2
1525735429.728136,3
1525735429.741354,2
1525735429.754282,2
1525735429.766941,1
1525735429.781381,2
1525735429.794504,2
1525735429.807434,3
1525735429.820599,1
1525735429.833630,1
1525735429.846341,2
1525735429.859550,4
1525735429.871888,10
1525735429.884774,10
1525735429.897577,9
1525735429.910849,4
1525735429.924123,3
1525735429.936888,6
1525735429.949617,11
1525735429.962474,6
1525735429.975157,5
1525735429.988018,4
1525735430.001008,5
1525735430.013764,5
1525735430.026572,5
1525735430.039452,5
1525735430.052582,4
1525735430.065714,14
1525735430.078902,5
1525735430.091931,2
1525735430.104503,10
1525735430.117186,3
1525735430.130281,4
1525735430.143934,5
1525735430.156779,2
1525735430.169830,2
1525735430.183402,3
1525735430.197064,3
1525735430.210145,6
1525735430.222948,5
1525735430.235412,4
1525735430.248942,5
1525735430.262753,6
1525735430.275677,7
1525735430.288320,10
1525735430.301419,11
1525735430.313901,8
1525735430.326340,4
1525735430.338900,4
1525735430.352153,0
1525735430.364857,0
1525735430.378047,0
1525735430.391013,0
1525735430.404018,0
1525735430.416872,0
1525735430.430215,0
1525735430.443239,0
1525735430.456079,0
1525735430.469400,0
1525735430.482428,8
1525735430.495186,18
1525735430.507700,5
1525735430.520573,8
1525735430.532949,7
1525735430.545493,5
1525735430.558668,8
1525735430.571448,1
1525735430.584967,0
1525735430.598956,0
1525735430.613052,0
1525735430.627183,0
1525735430.641480,0
1525735430.655903,0
1525735430.668880,0
1525735430.682565,0
1525735430.697653,0
1525735430.710290,8
1525735430.722520,7
1525735430.735163,9
1525735430.747907,11
1525735430.761030,6
1525735430.773788,4
1525735430.786944,4
1525735430.800171,4
1525735430.812983,4
1525735430.826023,7
1525735430.838660,12
1525735430.851708,5
1525735430.864475,3
1525735430.877283,4
1525735430.890379,4
1525735430.903555,1
1525735430.916947,0
1525735430.930036,2
1525735430.944039,1
1525735430.956193,8
1525735430.968671,12
1525735430.981353,5
1525735430.994095,6
1525735431.006974,4
1525735431.019962,5
1525735431.032873,6
1525735431.045463,6
1525735431.057943,8
1525735431.071052,4
1525735431.083663,6
1525735431.096379,4
1525735431.109367,4
1525735431.122000,3
1525735431.134938,7
1525735431.147703,5
1525735431.160899,3
1525735431.173845,4
1525735431.186690,2
1525735431.199695,0
1525735431.212548,1
1525735431.225617,0
1525735431.238648,0
1525735431.251803,3
1525735431.264890,21
1525735431.277239,16
1525735431.290010,10
1525735431.302830,9
1525735431.315983,9
1525735431.329016,6
1525735431.343041,4
1525735431.355752,3
1525735431.368479,8
1525735431.381170,9
1525735431.394090,4
1525735431.407011,3
1525735431.420107,5
1525735431.432893,5
1525735431.446142,5
1525735431.458552,5
1525735431.471878,4
1525735431.484602,7
1525735431.497221,10
1525735431.510279,8
1525735431.523053,5
1525735431.536009,4
1525735431.549409,6
1525735431.562155,5
1525735431.575111,2
1525735431.588214,4
1525735431.601268,4
1525735431.614427,4
1525735431.627596,5
1525735431.640608,4
1525735431.653667,1
1525735431.666395,0
1525735431.680318,0
1525735431.693652,4
1525735431.706503,11
1525735431.719573,2
1525735431.733029,2
1525735431.745883,4
1525735431.758826,6
1525735431.771769,2
1525735431.784880,2
1525735431.797877,3
1525735431.810907,3
1525735431.824893,3
1525735431.837870,2
1525735431.851052,3
1525735431.863915,2
1525735431.876640,2
1525735431.889296,1
1525735431.902272,3
1525735431.914947,10
1525735431.927425,7
1525735431.940980,2
1525735431.954596,11
1525735431.967208,12
1525735431.980177,10
1525735431.993182,7
1525735432.005876,6
1525735432.018780,3
1525735432.032812,4
1525735432.045926,2
1525735432.060074,2
1525735432.073197,1
1525735432.086217,1
1525735432.100976,2
1525735432.114058,5
1525735432.126900,4
1525735432.140151,8
1525735432.152908,9
1525735432.165650,12
1525735432.178224,10
1525735432.191153,5
1525735432.204094,5
1525735432.216738,7
1525735432.229707,6
1525735432.242657,6
1525735432.255447,7
1525735432.268189,6
1525735432.281155,3
1525735432.293999,4
1525735432.306651,12
1525735432.319693,4
1525735432.332255,5
1525735432.345143,5
1525735432.359206,5
1525735432.371903,2
1525735432.384644,2
1525735432.397451,3
1525735432.410230,3
1525735432.423387,2
1525735432.437384,3
1525735432.450475,4
1525735432.462811,14
1525735432.475400,2
1525735432.488857,0
1525735432.502675,0
1525735432.516964,0
1525735432.531279,0
1525735432.546044,0
1525735432.558715,8
1525735432.571872,4
1525735432.584600,5
1525735432.597559,7
1525735432.610535,2
1525735432.623307,7
1525735432.635924,4
1525735432.648880,5
1525735432.661794,5
1525735432.674988,9
1525735432.687343,18
1525735432.700393,9
1525735432.712489,11
1525735432.724735,9
1525735432.737363,11
1525735432.749936,7
1525735432.762999,10
1525735432.776144,4
1525735432.789283,6
1525735432.801856,8
1525735432.814675,11
1525735432.827643,1
1525735432.840794,1
1525735432.853720,1
1525735432.866471,5
1525735432.879790,3
1525735432.892461,6
1525735432.905373,2
1525735432.918211,2
1525735432.932389,0
1525735432.946267,0
1525735432.961307,0
1525735432.974513,0
1525735432.988399,0
1525735433.002271,0
1525735433.016120,0
1525735433.030064,0
1525735433.042699,0
1525735433.055299,0
1525735433.067768,1
1525735433.080772,6
1525735433.093711,17
1525735433.106043,13
1525735433.118500,15
1525735433.131455,4
1525735433.144421,0
1525735433.158182,0
1525735433.173051,0
1525735433.185759,0
1525735433.200464,0
1525735433.215224,0
1525735433.228250,0
1525735433.243082,0
1525735433.257157,0
1525735433.271652,0
1525735433.287154,0
1525735433.300728,5
1525735433.313609,2
1525735433.326916,2
1525735433.341265,1
1525735433.354739,10
1525735433.368014,0
1525735433.382095,0
1525735433.396120,0
1525735433.409280,0
1525735433.423396,0
1525735433.437575,0
1525735433.452089,0
1525735433.466642,0
1525735433.480820,0
1525735433.494709,0
1525735433.508568,0
1525735433.521711,10
1525735433.534689,4
1525735433.548953,1
1525735433.561650,1
1525735433.574395,2
1525735433.587223,20
1525735433.599938,14
1525735433.612293,4
1525735433.625294,0
1525735433.639146,0
1525735433.653053,0
1525735433.667814,0
1525735433.681285,0
1525735433.695678,0
1525735433.710753,0
1525735433.723560,0
1525735433.736284,4
1525735433.749683,6
1525735433.762275,10
1525735433.775208,6
1525735433.788135,10
1525735433.801263,8
1525735433.814379,3
1525735433.826950,21
1525735433.839766,18
1525735433.852180,1
1525735433.864818,0
1525735433.878111,0
1525735433.891072,0
1525735433.904747,0
1525735433.917695,0
1525735433.930933,0
1525735433.944236,0
1525735433.958508,0
1525735433.971884,3
1525735433.984823,7
1525735433.997584,8
1525735434.010597,8
1525735434.023243,7
1525735434.035731,6
1525735434.048715,3
1525735434.061697,4
1525735434.074783,9
1525735434.087923,2
1525735434.101097,3
1525735434.114062,4
1525735434.127054,4
1525735434.140270,2
1525735434.153452,3
1525735434.166464,5
1525735434.179897,4
1525735434.193078,5
1525735434.205712,6
1525735434.218669,6
1525735434.231577,3
1525735434.244486,6
1525735434.257454,7
1525735434.270347,6
1525735434.283186,2
1525735434.296255,1
1525735434.309497,1
1525735434.322612,1
1525735434.335466,1
1525735434.349756,1
1525735434.362681,1
1525735434.375592,1
1525735434.388472,1
1525735434.401743,1
1525735434.414536,3
1525735434.427621,3
1525735434.440623,3
1525735434.453554,3
1525735434.466408,3
1525735434.479551,4
1525735434.492638,5
1525735434.505784,1
1525735434.518730,1
1525735434.531797,2
1525735434.545893,1
1525735434.558934,1
1525735434.572133,1
1525735434.584998,1
1525735434.597712,2
1525735434.611856,2
1525735434.625407,4
1525735434.638397,5
1525735434.651137,13
1525735434.664081,5
1525735434.676711,4
1525735434.689746,6
1525735434.702421,4
1525735434.715209,6
1525735434.727992,7
1525735434.740827,2
1525735434.753767,3
1525735434.766719,5
1525735434.779684,6
1525735434.793656,4
1525735434.806824,3
1525735434.819687,3
1525735434.832622,2
1525735434.846818,3
1525735434.862037,2
1525735434.875154,2
1525735434.888129,2
1525735434.903563,5
1525735434.916787,3
1525735434.929328,14
1525735434.942489,6
1525735434.955500,10
1525735434.968087,1
1525735434.980986,0
1525735434.993414,0
1525735435.006434,0
1525735435.019687,0
1525735435.033903,0
1525735435.047506,0
1525735435.060610,0
1525735435.073201,0
1525735435.085857,0
1525735435.099050,0
1525735435.112022,8
1525735435.124786,3
1525735435.137591,9
1525735435.150239,16
1525735435.162752,12
1525735435.178134,0
1525735435.191332,0
1525735435.205167,0
1525735435.220390,0
1525735435.235323,0
1525735435.248202,0
1525735435.261042,0
1525735435.274013,0
1525735435.287795,0
1525735435.302286,0
1525735435.315625,0
1525735435.328649,6
1525735435.342787,4
1525735435.355921,4
1525735435.368693,1
1525735435.381175,13
1525735435.393895,11
1525735435.406756,11
1525735435.419542,6
1525735435.433624,3
1525735435.446872,3
1525735435.460024,3
1525735435.473115,4
1525735435.485968,4
1525735435.499027,3
1525735435.511820,5
1525735435.524707,3
1525735435.537590,2
1525735435.551010,2
1525735435.563865,4
1525735435.577124,3
1525735435.590383,1
1525735435.603423,2
1525735435.616176,1
1525735435.630732,4
1525735435.643684,5
1525735435.656045,18
1525735435.668675,11
1525735435.681820,4
1525735435.694465,4
1525735435.707481,7
1525735435.720641,5
1525735435.733609,4
1525735435.746597,7
1525735435.760117,3
1525735435.772961,4
1525735435.785961,6
1525735435.798639,14
1525735435.811582,7
1525735435.824840,8
1525735435.837645,6
1525735435.850708,3
1525735435.863645,3
1525735435.876574,4
1525735435.889432,4
1525735435.902534,4
1525735435.915753,5
1525735435.928431,3
1525735435.942421,6
1525735435.955625,5
1525735435.968663,4
1525735435.981693,3
1525735435.994549,3
1525735436.007637,4
1525735436.021045,5
1525735436.034084,6
1525735436.047218,2
1525735436.061218,3
1525735436.073997,14
1525735436.086688,11
1525735436.099967,8
1525735436.112748,9
1525735436.125799,7
1525735436.139106,5
1525735436.152406,3
1525735436.165413,10
1525735436.179010,6
1525735436.192430,3
1525735436.205515,4
1525735436.218281,11
1525735436.231169,3
1525735436.244222,4
1525735436.257389,8
1525735436.270278,4
1525735436.283266,3
1525735436.296045,4
1525735436.309052,5
1525735436.322114,4
1525735436.334995,6
1525735436.348781,4
1525735436.361735,8
1525735436.374367,9
1525735436.387080,5
1525735436.400338,6
1525735436.412747,7
1525735436.425422,8
1525735436.438062,8
1525735436.450898,5
1525735436.463634,7
1525735436.476460,7
1525735436.489966,2
1525735436.502862,1
1525735436.516155,1
1525735436.529439,1
1525735436.542725,3
1525735436.557314,2
1525735436.570796,2
1525735436.583597,4
1525735436.596622,10
1525735436.610037,2
1525735436.622693,2
1525735436.635477,1
1525735436.648091,2
1525735436.661351,7
1525735436.674020,5
1525735436.686768,7
1525735436.699958,5
1525735436.714195,6
1525735436.727472,4
1525735436.740661,3
1525735436.753652,5
1525735436.766548,3
1525735436.781186,5
1525735436.794195,4
1525735436.807056,3
1525735436.819717,1
1525735436.832703,1
1525735436.845454,0
1525735436.860305,0
1525735436.873140,3
1525735436.886232,6
1525735436.898678,12
1525735436.911713,1
1525735436.924772,1
1525735436.937765,0
1525735436.951080,0
1525735436.965530,2
1525735436.978395,5
1525735436.991052,13
1525735437.003866,4
1525735437.016601,3
1525735437.029782,5
1525735437.042614,5
1525735437.055420,2
1525735437.068468,1
1525735437.081086,2
1525735437.093745,3
1525735437.106778,3
1525735437.121221,3
1525735437.134041,8
1525735437.147141,5
1525735437.160074,1
1525735437.173681,0
1525735437.191598,0
1525735437.204645,5
1525735437.217300,7
1525735437.231580,1
1525735437.244403,10
1525735437.257228,12
1525735437.270175,8
1525735437.282958,9
1525735437.301784,6
1525735437.314598,7
1525735437.327374,6
1525735437.341460,0
1525735437.362244,0
1525735437.381575,0
1525735437.394687,0
1525735437.408249,0
1525735437.421702,0
1525735437.434300,0
1525735437.451474,3
1525735437.463923,6
1525735437.481417,1
1525735437.501762,0
1525735437.514755,0
1525735437.528549,0
1525735437.542928,0
1525735437.558100,0
1525735437.571440,0
1525735437.584929,0
1525735437.599285,0
1525735437.614126,0
1525735437.627400,0
1525735437.641848,0
1525735437.656001,0
1525735437.671627,0
1525735437.685395,0
1525735437.699674,0
1525735437.713505,0
1525735437.729859,0
1525735437.743221,0
1525735437.756734,0
1525735437.771085,0
1525735437.784055,0
1525735437.797947,0
1525735437.812675,0
1525735437.826561,0
1525735437.841683,0
1525735437.854660,0
1525735437.867338,0
1525735437.882479,0
1525735437.896702,0
1525735437.910358,0
1525735437.925592,0
1525735437.939847,0
1525735437.953602,0
1525735437.967913,0
1525735437.981840,0
1525735437.996245,0
1525735438.011925,0
1525735438.024977,0
1525735438.039380,0
1525735438.054091,0
1525735438.068442,0
1525735438.083201,0
1525735438.097462,0
1525735438.112678,0
1525735438.125829,0
1525735438.139947,0
1525735438.154042,0
1525735438.169009,0
1525735438.184115,0
1525735438.197065,0
1525735438.211586,0
1525735438.226356,0
1525735438.240053,0
1525735438.254303,0
1525735438.268400,0
1525735438.282942,0
1525735438.298359,0
1525735438.311640,0
1525735438.325656,0
1525735438.339092,0
1525735438.353639,0
1525735438.366555,0
1525735438.380577,0
1525735438.394417,0
1525735438.408765,0
1525735438.422982,0
1525735438.437808,0
1525735438.452081,0
1525735438.466187,0
1525735438.480168,0
1525735438.494028,0
1525735438.508587,0
1525735438.522531,0
1525735438.537575,0
1525735438.550881,0
1525735438.564546,0
1525735438.578358,0
1525735438.593175,0
1525735438.606971,0
1525735438.621599,0
1525735438.636006,0
1525735438.650373,0
1525735438.666007,0
1525735438.679544,0
1525735438.693269,0
1525735438.707297,0
1525735438.723296,0
1525735438.736323,0
1525735438.750077,0
1525735438.764487,0
1525735438.778097,0
1525735438.792904,0
1525735438.806825,0
1525735438.820838,0
1525735438.835137,0
1525735438.849033,0
1525735438.861988,0
1525735438.876528,0
1525735438.891170,0
1525735438.905269,0
1525735438.920077,0
1525735438.935537,0
1525735438.948675,0
1525735438.962386,0
1525735438.976753,0
1525735438.990672,0
1525735439.005873,0
1525735439.019002,0
1525735439.032793,0
1525735439.047206,0
1525735439.063292,0
1525735439.076168,0
1525735439.089675,0
1525735439.104176,0
1525735439.120309,0
1525735439.133477,0
1525735439.147615,0
1525735439.163398,0
1525735439.176038,0
1525735439.191349,0
1525735439.207226,0
1525735439.220130,0
1525735439.234088,0
1525735439.248286,0
1525735439.263103,0
1525735439.277587,0
1525735439.292632,0
1525735439.306692,0
1525735439.321652,0
1525735439.335784,0
1525735439.349861,0
1525735439.363459,0
1525735439.377398,0
1525735439.391926,0
1525735439.406091,0
1525735439.420677,0
1525735439.434255,0
1525735439.449734,0
1525735439.463481,0
1525735439.477608,0
1525735439.491451,0
1525735439.506292,0
1525735439.520639,0
1525735439.534979,0
1525735439.549005,0
1525735439.562956,0
1525735439.577098,0
1525735439.591203,0
1525735439.603899,0
1525735439.617833,0
1525735439.631799,0
1525735439.645940,0
1525735439.660495,0
1525735439.674367,0
1525735439.688433,0
1525735439.702569,0
1525735439.716592,0
1525735439.731674,0
1525735439.747369,0
1525735439.760301,0
1525735439.774074,0
1525735439.788507,0
1525735439.802722,0
1525735439.818118,0
1525735439.831047,0
1525735439.845742,0
1525735439.860295,0
1525735439.877254,0
1525735439.890022,0
1525735439.904494,0
1525735439.920020,0
1525735439.932878,0
1525735439.946356,0
1525735439.960828,0
1525735439.975372,0
1525735439.990693,0
1525735440.003946,0
1525735440.018128,0
1525735440.031617,0
1525735440.046882,0
1525735440.060141,0
1525735440.073997,0
1525735440.087792,0
1525735440.103478,0
1525735440.116199,0
1525735440.130109,0
1525735440.145415,0
1525735440.160824,0
1525735440.173966,0
1525735440.187845,0
