1525734351.422361,0
1525734351.439340,13
1525734351.452014,14
1525734351.464736,6
1525734351.477736,6
1525734351.490334,8
1525734351.503050,9
1525734351.516089,5
1525734351.528945,4
1525734351.542038,5
1525734351.555120,7
1525734351.568249,5
1525734351.581024,6
1525734351.593834,4
1525734351.607250,3
1525734351.620283,2
1525734351.633446,2
1525734351.646605,3
1525734351.659728,1
1525734351.672902,3
1525734351.685495,18
1525734351.698406,1
1525734351.711113,0
1525734351.723733,0
1525734351.736706,0
1525734351.750369,0
1525734351.764342,0
1525734351.777004,0
1525734351.789888,2
1525734351.802758,3
1525734351.815407,3
1525734351.828261,3
1525734351.841005,2
1525734351.855407,1
1525734351.869101,2
1525734351.881846,3
1525734351.894644,10
1525734351.907281,14
1525734351.920064,10
1525734351.932967,4
1525734351.945759,1
1525734351.958722,4
1525734351.971831,5
1525734351.984672,5
1525734351.997967,14
1525734352.010837,3
1525734352.023530,3
1525734352.036494,2
1525734352.050298,2
1525734352.063353,5
1525734352.076290,2
1525734352.089478,1
1525734352.102696,2
1525734352.115581,3
1525734352.128313,5
1525734352.141837,6
1525734352.154965,4
1525734352.168250,7
1525734352.180969,15
1525734352.193496,2
1525734352.206591,1
1525734352.219622,0
1525734352.232793,0
1525734352.246763,0
1525734352.260572,0
1525734352.273608,2
1525734352.286363,4
1525734352.299624,9
1525734352.312539,13
1525734352.325271,16
1525734352.337966,10
1525734352.350679,10
1525734352.363416,9
1525734352.376490,6
1525734352.390238,7
1525734352.403213,4
1525734352.415862,3
1525734352.430141,2
1525734352.443342,3
1525734352.456773,3
1525734352.470469,3
1525734352.483277,4
1525734352.495865,3
1525734352.508823,0
1525734352.522661,0
1525734352.536052,2
1525734352.548873,7
1525734352.561915,6
1525734352.575333,0
1525734352.588160,0
1525734352.601605,0
1525734352.615302,0
1525734352.627844,0
1525734352.640744,0
1525734352.653870,0
1525734352.669347,0
1525734352.682467,0
1525734352.695791,0
1525734352.708910,2
1525734352.721617,14
1525734352.734406,16
1525734352.747286,15
1525734352.759911,6
1525734352.773065,6
1525734352.786035,11
1525734352.798966,8
1525734352.811737,6
1525734352.824491,8
1525734352.837496,6
1525734352.850528,10
1525734352.863569,5
1525734352.876701,5
1525734352.889779,4
1525734352.902684,8
1525734352.915709,4
1525734352.929003,5
1525734352.942650,6
1525734352.955906,2
1525734352.969396,3
1525734352.982205,3
1525734352.995495,11
1525734353.007961,5
1525734353.021170,6
1525734353.034243,5
1525734353.046965,1
1525734353.059823,4
1525734353.072283,10
1525734353.086254,7
1525734353.098840,5
1525734353.111796,5
1525734353.124644,3
1525734353.138876,3
1525734353.151821,3
1525734353.164495,6
1525734353.177346,6
1525734353.190307,7
1525734353.203025,5
1525734353.215973,4
1525734353.228801,8
1525734353.241575,5
1525734353.254111,5
1525734353.267218,5
1525734353.280094,4
1525734353.293030,4
1525734353.306259,8
1525734353.318639,12
1525734353.331349,3
1525734353.343992,0
1525734353.356996,0
1525734353.371809,2
1525734353.385287,4
1525734353.397999,5
1525734353.418288,3
1525734353.430978,9
1525734353.443263,12
1525734353.456028,6
1525734353.469662,8
1525734353.482342,6
1525734353.495411,8
1525734353.507979,4
1525734353.521277,3
1525734353.534315,5
1525734353.547382,4
1525734353.560432,2
1525734353.573217,3
1525734353.586606,5
1525734353.599699,2
1525734353.612433,4
1525734353.625636,8
1525734353.638167,3
1525734353.651048,4
1525734353.663774,5
1525734353.676985,3
1525734353.689560,17
1525734353.701873,19
1525734353.714235,12
1525734353.726695,6
1525734353.739018,6
1525734353.752194,1
1525734353.764791,1
1525734353.778569,1
1525734353.791746,0
1525734353.804504,5
1525734353.817522,4
1525734353.830703,5
1525734353.843374,7
1525734353.856158,3
1525734353.869470,5
1525734353.882423,2
1525734353.895536,2
1525734353.908556,3
1525734353.920832,20
1525734353.933466,8
1525734353.946347,4
1525734353.958942,4
1525734353.971817,5
1525734353.984740,4
1525734353.997819,2
1525734354.010455,6
1525734354.022853,9
1525734354.035959,0
1525734354.048231,6
1525734354.061308,3
1525734354.074103,3
1525734354.087016,7
1525734354.100456,3
1525734354.113621,5
1525734354.126842,4
1525734354.139745,2
1525734354.152170,3
1525734354.164784,2
1525734354.178161,4
1525734354.191301,6
1525734354.204238,4
1525734354.217107,5
1525734354.229934,4
1525734354.242949,4
1525734354.255716,3
1525734354.268899,4
1525734354.282327,4
1525734354.295056,7
1525734354.308176,2
1525734354.321151,3
1525734354.334152,3
1525734354.346988,6
1525734354.359891,6
1525734354.373738,4
1525734354.386833,2
1525734354.399887,3
1525734354.412772,0
1525734354.425975,4
1525734354.438179,6
1525734354.451314,5
1525734354.464062,8
1525734354.476859,4
1525734354.489826,5
1525734354.502493,7
1525734354.515321,6
1525734354.528325,6
1525734354.541374,4
1525734354.554540,13
1525734354.567089,13
1525734354.579774,16
1525734354.592978,9
1525734354.605923,2
1525734354.618845,4
1525734354.631804,3
1525734354.644667,14
1525734354.657394,5
1525734354.670141,6
1525734354.683448,3
1525734354.696420,3
1525734354.709165,5
1525734354.722092,8
1525734354.735206,7
1525734354.747636,5
1525734354.760437,5
1525734354.773572,8
1525734354.786599,8
1525734354.799289,6
1525734354.812167,5
1525734354.825341,2
1525734354.838013,3
1525734354.850931,3
1525734354.864006,4
1525734354.877251,2
1525734354.890347,2
1525734354.903062,2
1525734354.916382,2
1525734354.931083,5
1525734354.944086,13
1525734354.957109,7
1525734354.969940,5
1525734354.983551,5
1525734355.000956,5
1525734355.013471,8
1525734355.026565,3
1525734355.039621,6
1525734355.052807,4
1525734355.066188,2
1525734355.079082,2
1525734355.091902,2
1525734355.105093,1
1525734355.119785,1
1525734355.132441,2
1525734355.145272,3
1525734355.157783,2
1525734355.170580,8
1525734355.183536,1
1525734355.196521,0
1525734355.209050,3
1525734355.221651,8
1525734355.234609,7
1525734355.247817,6
1525734355.260438,5
1525734355.273119,3
1525734355.287512,2
1525734355.300732,2
1525734355.313299,4
1525734355.326371,3
1525734355.338822,7
1525734355.351994,0
1525734355.366572,0
1525734355.379790,0
1525734355.392872,0
1525734355.406071,0
1525734355.419636,0
1525734355.432094,5
1525734355.445504,6
1525734355.458110,5
1525734355.471150,6
1525734355.484026,6
1525734355.497174,8
1525734355.510128,3
1525734355.522851,13
1525734355.535827,3
1525734355.548876,6
1525734355.561953,2
1525734355.574297,18
1525734355.587097,5
1525734355.600249,4
1525734355.613128,5
1525734355.626226,4
1525734355.638624,4
1525734355.651404,1
1525734355.664280,3
1525734355.677428,2
1525734355.690173,5
1525734355.703173,5
1525734355.715856,2
1525734355.728554,3
1525734355.742210,3
1525734355.755446,3
1525734355.768070,3
1525734355.780855,4
1525734355.793917,3
1525734355.807405,4
1525734355.819997,3
1525734355.832989,2
1525734355.846212,5
1525734355.859253,4
1525734355.872389,6
1525734355.885698,9
1525734355.898128,7
1525734355.910658,10
1525734355.923623,7
1525734355.936730,5
1525734355.949276,8
1525734355.962327,6
1525734355.975444,9
1525734355.988047,8
1525734356.000514,6
1525734356.013416,5
1525734356.026368,6
1525734356.038788,7
1525734356.051417,7
1525734356.064211,6
1525734356.077105,6
1525734356.090007,9
1525734356.102719,10
1525734356.115729,5
1525734356.128635,3
1525734356.141778,6
1525734356.155093,8
1525734356.167919,6
1525734356.181215,3
1525734356.195097,5
1525734356.207943,5
1525734356.220762,3
1525734356.233715,2
1525734356.246845,1
1525734356.259743,1
1525734356.272667,0
1525734356.287220,0
1525734356.300073,3
1525734356.313188,4
1525734356.326339,2
1525734356.339301,2
1525734356.352080,1
1525734356.364552,1
1525734356.377904,1
1525734356.391036,1
1525734356.404118,3
1525734356.418245,3
1525734356.431017,2
1525734356.444026,2
1525734356.456987,2
1525734356.471035,3
1525734356.484209,2
1525734356.496906,10
1525734356.509701,4
1525734356.522476,3
1525734356.535534,7
1525734356.548549,2
1525734356.562075,2
1525734356.575391,2
1525734356.588443,2
1525734356.602068,2
1525734356.615241,5
1525734356.628139,9
1525734356.640996,7
1525734356.653936,3
1525734356.667367,2
1525734356.680901,1
1525734356.693543,2
1525734356.706429,3
1525734356.719047,4
1525734356.731531,9
1525734356.744526,5
1525734356.757340,6
1525734356.769998,5
1525734356.782692,3
1525734356.795891,2
1525734356.808756,3
1525734356.822261,5
1525734356.834595,10
1525734356.847108,11
1525734356.859525,11
1525734356.872550,0
1525734356.886785,0
1525734356.900247,0
1525734356.915754,0
1525734356.928625,3
1525734356.941383,5
1525734356.954287,3
1525734356.967484,3
1525734356.979842,3
1525734356.993020,3
1525734357.006270,3
1525734357.018987,9
1525734357.032360,3
1525734357.045628,4
1525734357.058447,13
1525734357.071394,5
1525734357.084443,6
1525734357.097519,3
1525734357.110453,7
1525734357.123220,5
1525734357.136393,7
1525734357.149137,4
1525734357.161471,20
1525734357.174375,8
1525734357.187026,6
1525734357.199964,3
1525734357.212913,5
1525734357.226345,0
1525734357.239316,4
1525734357.252294,5
1525734357.265411,16
1525734357.278172,5
1525734357.290686,2
1525734357.303707,2
1525734357.317321,1
1525734357.331292,1
1525734357.344203,2
1525734357.357078,4
1525734357.370467,6
1525734357.383291,9
1525734357.396433,1
1525734357.409011,3
1525734357.421737,4
1525734357.436227,2
1525734357.449991,3
1525734357.462348,19
1525734357.475441,10
1525734357.488521,12
1525734357.501513,8
1525734357.514609,1
1525734357.527566,0
1525734357.540437,0
1525734357.553918,0
1525734357.567623,0
1525734357.580727,0
1525734357.593685,4
1525734357.606576,9
1525734357.619712,3
1525734357.632772,4
1525734357.646240,3
1525734357.658951,8
1525734357.671964,12
1525734357.684618,6
1525734357.697434,6
1525734357.710677,4
1525734357.723540,4
1525734357.736548,5
1525734357.750117,4
1525734357.763009,8
1525734357.776042,3
1525734357.788953,4
1525734357.802084,6
1525734357.815310,12
1525734357.828004,8
1525734357.840900,3
1525734357.853367,5
1525734357.866691,3
1525734357.879503,5
1525734357.892378,3
1525734357.907209,1
1525734357.920194,3
1525734357.933400,3
1525734357.946351,8
1525734357.959047,6
1525734357.972410,8
1525734357.985661,6
1525734357.998800,6
1525734358.011523,9
1525734358.024253,10
1525734358.037465,5
1525734358.050051,6
1525734358.062795,4
1525734358.076001,1
1525734358.088889,4
1525734358.101620,7
1525734358.114403,5
1525734358.127198,4
1525734358.139881,3
1525734358.152695,4
1525734358.166695,1
1525734358.179550,1
1525734358.192293,2
1525734358.206396,1
1525734358.219818,4
1525734358.232788,2
1525734358.245658,13
1525734358.258403,0
1525734358.271697,0
1525734358.285629,0
1525734358.298475,0
1525734358.311347,0
1525734358.324378,0
1525734358.337016,0
1525734358.351285,0
1525734358.364060,4
1525734358.377702,4
1525734358.390087,12
1525734358.403157,3
1525734358.415733,4
1525734358.428424,5
1525734358.440657,19
1525734358.453313,9
1525734358.466481,16
1525734358.479041,9
1525734358.491993,0
1525734358.505154,0
1525734358.519484,0
1525734358.533693,0
1525734358.547667,0
1525734358.561762,0
1525734358.575701,0
1525734358.590087,0
1525734358.604971,0
1525734358.618041,0
1525734358.631968,0
1525734358.645840,9
1525734358.658883,5
1525734358.671739,5
1525734358.684341,5
1525734358.697465,3
1525734358.710441,2
1525734358.723536,1
1525734358.736670,1
1525734358.751876,2
1525734358.764588,2
1525734358.777712,1
1525734358.790358,1
1525734358.803416,1
1525734358.816892,1
1525734358.831204,1
1525734358.844225,2
1525734358.857584,2
1525734358.871242,7
1525734358.884384,5
1525734358.897551,4
1525734358.910058,5
1525734358.922675,4
1525734358.936339,3
1525734358.949432,6
1525734358.962465,3
1525734358.975447,4
1525734358.988552,3
1525734359.001514,6
1525734359.016194,5
1525734359.029038,3
1525734359.042081,0
1525734359.056382,0
1525734359.071516,0
1525734359.084301,0
1525734359.097568,0
1525734359.110592,3
1525734359.123492,6
1525734359.137678,6
1525734359.150349,0
1525734359.163242,0
1525734359.176352,0
1525734359.189174,0
1525734359.203591,0
1525734359.217115,0
1525734359.230186,3
1525734359.243079,5
1525734359.256030,0
1525734359.271191,0
1525734359.284186,1
1525734359.297224,2
1525734359.310091,1
1525734359.323166,4
1525734359.336473,4
1525734359.348661,11
1525734359.361468,4
1525734359.375010,5
1525734359.387872,4
1525734359.400907,3
1525734359.413743,2
1525734359.427821,1
1525734359.441158,3
1525734359.454019,7
1525734359.468113,10
1525734359.481182,15
1525734359.494181,9
1525734359.506871,6
1525734359.519765,6
1525734359.532171,10
1525734359.545256,7
1525734359.558211,6
1525734359.570995,10
1525734359.584103,9
1525734359.597355,4
1525734359.610443,9
1525734359.623057,4
1525734359.636418,3
1525734359.649338,4
1525734359.662363,2
1525734359.675250,2
1525734359.688808,4
1525734359.702648,3
1525734359.715695,2
1525734359.728492,3
1525734359.741645,3
1525734359.755053,2
1525734359.767823,19
1525734359.780550,11
1525734359.793220,13
1525734359.806492,0
1525734359.819750,0
1525734359.833606,0
1525734359.847942,0
1525734359.862082,0
1525734359.876333,0
1525734359.891179,0
1525734359.904650,0
1525734359.919454,0
1525734359.932169,0
1525734359.946599,0
1525734359.959324,3
1525734359.971953,5
1525734359.984547,5
1525734359.997292,11
1525734360.010367,8
1525734360.023329,4
1525734360.036320,2
1525734360.048966,6
1525734360.062117,3
1525734360.074632,4
1525734360.087783,3
1525734360.101166,1
1525734360.115717,2
1525734360.128743,1
1525734360.141739,2
1525734360.154771,2
1525734360.168342,2
1525734360.182493,3
1525734360.196783,2
1525734360.209895,4
1525734360.222952,1
1525734360.235934,1
1525734360.249502,1
1525734360.263329,0
1525734360.276696,0
1525734360.289976,4
1525734360.303167,2
1525734360.315834,12
1525734360.328789,4
1525734360.341969,1
1525734360.355423,0
1525734360.368181,0
1525734360.381920,0
1525734360.395193,3
1525734360.408199,4
1525734360.421154,2
1525734360.434114,5
1525734360.447802,2
1525734360.460719,4
1525734360.474481,3
1525734360.487064,3
1525734360.500335,3
1525734360.513920,1
1525734360.527008,4
1525734360.540218,7
1525734360.553119,7
1525734360.566488,5
1525734360.579480,3
1525734360.592982,6
1525734360.606421,5
1525734360.619019,14
1525734360.631618,8
1525734360.644165,3
1525734360.657460,3
1525734360.670374,2
1525734360.683387,3
1525734360.696287,3
1525734360.709059,3
1525734360.722950,4
1525734360.735781,4
1525734360.748849,6
1525734360.762030,6
1525734360.775085,4
1525734360.788020,1
1525734360.801210,4
1525734360.813969,14
1525734360.826949,4
1525734360.843029,16
1525734360.856111,4
1525734360.869364,7
1525734360.882364,4
1525734360.895396,2
1525734360.907885,6
1525734360.921106,5
1525734360.934176,3
1525734360.947201,2
1525734360.960155,4
1525734360.973694,2
1525734360.987626,1
1525734361.000818,4
1525734361.013858,5
1525734361.026617,10
1525734361.039174,1
1525734361.052083,0
1525734361.065478,0
1525734361.078197,0
1525734361.091078,0
1525734361.103652,0
1525734361.116962,0
1525734361.130718,0
1525734361.143528,0
1525734361.156787,0
1525734361.170540,0
1525734361.183396,0
1525734361.196408,3
1525734361.209274,19
1525734361.221970,4
1525734361.235072,5
1525734361.247684,13
1525734361.260060,9
1525734361.272913,0
1525734361.285819,0
1525734361.298854,0
1525734361.311853,0
1525734361.325838,0
1525734361.339681,0
1525734361.352717,0
1525734361.365760,0
1525734361.378907,0
1525734361.391868,0
1525734361.405270,0
1525734361.418370,4
1525734361.431376,2
1525734361.444258,3
1525734361.457257,2
1525734361.470074,4
1525734361.483005,2
1525734361.496306,1
1525734361.508964,1
1525734361.522635,2
1525734361.535761,2
1525734361.548660,2
1525734361.561791,2
1525734361.575036,2
1525734361.587898,2
1525734361.601093,1
1525734361.615317,2
1525734361.628125,4
1525734361.641138,2
1525734361.654064,1
1525734361.669013,1
1525734361.683417,2
1525734361.696049,15
1525734361.709299,0
1525734361.722909,0
1525734361.737404,0
1525734361.751152,0
1525734361.766222,0
1525734361.781068,0
1525734361.794297,0
1525734361.808309,0
1525734361.823360,0
1525734361.836345,0
1525734361.849503,4
1525734361.862567,10
1525734361.875570,7
1525734361.888332,10
1525734361.901699,7
1525734361.914977,4
1525734361.927748,15
1525734361.940382,11
1525734361.952892,7
1525734361.965958,8
1525734361.978889,2
1525734361.991987,3
1525734362.005066,3
1525734362.018937,3
1525734362.032088,2
1525734362.045234,2
1525734362.058273,2
1525734362.070952,8
1525734362.084558,4
1525734362.097296,4
1525734362.110087,5
1525734362.122622,14
1525734362.136242,2
1525734362.149405,6
1525734362.161977,6
1525734362.175243,3
1525734362.188176,8
1525734362.200985,5
1525734362.213970,7
1525734362.226947,4
1525734362.239629,4
1525734362.252649,5
1525734362.266176,5
1525734362.279127,10
1525734362.292212,4
1525734362.305477,3
1525734362.318339,5
1525734362.331410,8
1525734362.343829,13
1525734362.356306,11
1525734362.369427,7
1525734362.382209,6
1525734362.395386,1
1525734362.408623,3
1525734362.421630,2
1525734362.434333,2
1525734362.447543,3
1525734362.460068,2
1525734362.474076,1
1525734362.488661,1
1525734362.502477,0
1525734362.515860,0
1525734362.528710,6
1525734362.541591,7
1525734362.554459,7
1525734362.567188,8
1525734362.579636,3
1525734362.592749,0
1525734362.607671,0
1525734362.621556,0
1525734362.635802,0
1525734362.650269,0
1525734362.665534,0
1525734362.679536,0
1525734362.693520,0
1525734362.707305,0
1525734362.721698,0
1525734362.737605,0
1525734362.750403,13
1525734362.763362,5
1525734362.775977,9
1525734362.788622,6
1525734362.801195,7
1525734362.813888,9
1525734362.826865,6
1525734362.839804,6
1525734362.853062,4
1525734362.866592,5
1525734362.880314,2
1525734362.895574,1
1525734362.908545,1
1525734362.921442,2
1525734362.934842,2
1525734362.947887,1
1525734362.962315,3
1525734362.974901,6
1525734362.990784,11
1525734363.003773,0
1525734363.016460,0
1525734363.029254,3
1525734363.042012,2
1525734363.055165,2
1525734363.068273,2
1525734363.081781,5
1525734363.094672,16
1525734363.107438,8
1525734363.120245,3
1525734363.133874,4
1525734363.147093,5
1525734363.159985,2
1525734363.172651,2
1525734363.185499,3
1525734363.198388,6
1525734363.210659,18
1525734363.223639,5
1525734363.236733,2
1525734363.249432,5
1525734363.262491,5
1525734363.275752,5
1525734363.288998,6
1525734363.302701,5
1525734363.315991,1
1525734363.328877,8
1525734363.341938,5
1525734363.355188,3
1525734363.368221,3
1525734363.381037,6
1525734363.394097,12
1525734363.407215,5
1525734363.421341,4
1525734363.433784,4
1525734363.446695,5
1525734363.459432,4
1525734363.472551,6
1525734363.485949,2
1525734363.498844,1
1525734363.512055,2
1525734363.525035,1
1525734363.537791,1
1525734363.550764,2
1525734363.563467,3
1525734363.576536,6
1525734363.589685,7
1525734363.602602,8
1525734363.615668,8
1525734363.628594,5
1525734363.641508,5
1525734363.654327,7
1525734363.668186,3
1525734363.680857,5
1525734363.693958,2
1525734363.707214,3
1525734363.720397,2
1525734363.735510,3
1525734363.748744,3
1525734363.761314,2
1525734363.774134,14
1525734363.787186,3
1525734363.799944,5
1525734363.813807,3
1525734363.826626,4
1525734363.839372,5
1525734363.852467,5
1525734363.865855,4
1525734363.878835,2
1525734363.891405,3
1525734363.904184,3
1525734363.917459,4
1525734363.930344,1
1525734363.943190,4
1525734363.956485,4
1525734363.969233,6
1525734363.981974,5
1525734363.995077,4
1525734364.007794,6
1525734364.020637,6
1525734364.033653,11
1525734364.046832,4
1525734364.059698,4
1525734364.072673,4
1525734364.086743,1
1525734364.099900,5
1525734364.113005,2
1525734364.126097,2
1525734364.138850,1
1525734364.151526,6
1525734364.164548,0
1525734364.178928,0
1525734364.192969,0
1525734364.207569,0
1525734364.221449,0
1525734364.236708,0
1525734364.249616,0
1525734364.262785,0
1525734364.275926,0
1525734364.288773,12
1525734364.301751,14
1525734364.314181,9
1525734364.327224,5
1525734364.339999,6
1525734364.352778,7
1525734364.365804,2
1525734364.378921,2
1525734364.391935,2
1525734364.405715,2
1525734364.419523,3
1525734364.432514,3
1525734364.446109,3
1525734364.459143,0
1525734364.471831,0
1525734364.485074,0
1525734364.497683,4
1525734364.511139,6
1525734364.523748,8
1525734364.537061,6
1525734364.550352,6
1525734364.562856,14
1525734364.576005,6
1525734364.588958,6
1525734364.601952,5
1525734364.615115,3
1525734364.627869,5
1525734364.640905,7
1525734364.653730,5
1525734364.667262,4
1525734364.679774,4
1525734364.692533,4
1525734364.705557,4
1525734364.718302,7
1525734364.731030,14
1525734364.743384,10
1525734364.755993,5
1525734364.768827,5
1525734364.781462,7
1525734364.794158,7
1525734364.807148,1
1525734364.820266,1
1525734364.835173,1
1525734364.848130,6
1525734364.861091,1
1525734364.874157,1
1525734364.887147,2
1525734364.900127,2
1525734364.914341,3
1525734364.928253,7
1525734364.941235,4
1525734364.953879,5
1525734364.966548,4
1525734364.979270,2
1525734364.992496,2
1525734365.005387,3
1525734365.018426,1
1525734365.031394,2
1525734365.044811,1
1525734365.058480,1
1525734365.071663,0
1525734365.085151,0
1525734365.097725,0
1525734365.110947,0
1525734365.124187,0
1525734365.137767,1
1525734365.151014,1
1525734365.163606,0
1525734365.176858,0
1525734365.189745,0
1525734365.202895,0
1525734365.216691,4
1525734365.230258,2
1525734365.243226,2
1525734365.256258,2
1525734365.270544,0
1525734365.284042,0
1525734365.297141,0
1525734365.310366,0
1525734365.323340,0
1525734365.337572,1
1525734365.350482,3
1525734365.363519,2
1525734365.377114,8
1525734365.389713,2
1525734365.402313,2
1525734365.415871,1
1525734365.428514,5
1525734365.441059,11
1525734365.453926,14
1525734365.466977,5
1525734365.479636,5
1525734365.492348,0
1525734365.505409,0
1525734365.519239,0
1525734365.532580,0
1525734365.547007,0
1525734365.559789,0
1525734365.572747,0
1525734365.586236,0
1525734365.599022,0
1525734365.612356,0
1525734365.626742,0
1525734365.639985,0
1525734365.652746,4
1525734365.666230,10
1525734365.679414,5
1525734365.692298,8
1525734365.705506,4
1525734365.718211,10
1525734365.731085,7
1525734365.743823,4
1525734365.756762,3
1525734365.771035,2
1525734365.785913,1
1525734365.799398,2
1525734365.812644,2
1525734365.825584,3
1525734365.838748,2
1525734365.852613,2
1525734365.867657,1
1525734365.880944,9
1525734365.893648,13
1525734365.906436,14
1525734365.919044,15
1525734365.931732,1
1525734365.944675,0
1525734365.957651,0
1525734365.970514,0
1525734365.983425,0
1525734365.996854,0
1525734366.010839,0
1525734366.024062,0
1525734366.037107,0
1525734366.051693,0
1525734366.065306,3
1525734366.078080,3
1525734366.090895,13
1525734366.103407,14
1525734366.116455,4
1525734366.129278,15
1525734366.142264,9
1525734366.155240,6
1525734366.167820,3
1525734366.181050,2
1525734366.195015,2
1525734366.208038,2
1525734366.221199,2
1525734366.234159,1
1525734366.247127,1
1525734366.260328,2
1525734366.274400,2
1525734366.287659,8
1525734366.300251,11
1525734366.312882,13
1525734366.325600,10
1525734366.338192,2
1525734366.351294,4
1525734366.364169,5
1525734366.377937,4
1525734366.391616,1
1525734366.404824,2
1525734366.417512,4
1525734366.430064,12
1525734366.442791,3
1525734366.456062,3
1525734366.469679,3
1525734366.482583,4
1525734366.495698,2
1525734366.508644,7
1525734366.521571,14
1525734366.534330,5
1525734366.547176,4
1525734366.560116,4
1525734366.573396,13
1525734366.586462,8
1525734366.599328,9
1525734366.611957,11
1525734366.624904,3
1525734366.637463,1
1525734366.650602,0
1525734366.664847,0
1525734366.678769,0
1525734366.693332,0
1525734366.709785,0
1525734366.722736,0
1525734366.737092,0
1525734366.750054,2
1525734366.762733,5
1525734366.776164,1
1525734366.789059,7
1525734366.801669,16
1525734366.814950,4
1525734366.828311,3
1525734366.840473,19
1525734366.852886,17
1525734366.866043,11
1525734366.879196,0
1525734366.892480,0
1525734366.905493,0
1525734366.918466,0
1525734366.932680,0
1525734366.947163,0
1525734366.960382,0
1525734366.974779,0
1525734366.988248,0
1525734367.001262,3
1525734367.013940,5
1525734367.026675,7
1525734367.039679,5
1525734367.052509,4
1525734367.065848,1
1525734367.078655,1
1525734367.091528,1
1525734367.104354,3
1525734367.117379,11
1525734367.130096,7
1525734367.142977,5
1525734367.155878,5
1525734367.168775,6
1525734367.181635,3
1525734367.194794,1
1525734367.207800,0
1525734367.221192,0
1525734367.235640,0
1525734367.248425,0
1525734367.261786,1
1525734367.276187,3
1525734367.289708,5
1525734367.302782,2
1525734367.316017,2
1525734367.329089,1
1525734367.342652,1
1525734367.356111,1
1525734367.369496,2
1525734367.382345,3
1525734367.395370,2
1525734367.408733,1
1525734367.422523,1
1525734367.435663,1
1525734367.448532,1
1525734367.461690,3
1525734367.474770,2
1525734367.487206,22
1525734367.499333,12
1525734367.511878,13
1525734367.524870,15
1525734367.537750,10
1525734367.550570,0
1525734367.563468,0
1525734367.576793,0
1525734367.590962,0
1525734367.604199,0
1525734367.617126,0
1525734367.630051,0
1525734367.643106,0
1525734367.656445,0
1525734367.671000,0
1525734367.683957,2
1525734367.696789,4
1525734367.709037,7
1525734367.722185,5
1525734367.735560,3
1525734367.748543,3
1525734367.761563,2
1525734367.774304,1
1525734367.787409,1
1525734367.800856,2
1525734367.815330,2
1525734367.828241,3
1525734367.841155,7
1525734367.854020,0
1525734367.868644,0
1525734367.882775,0
1525734367.897110,1
1525734367.910260,2
1525734367.923374,8
1525734367.936287,9
1525734367.949338,5
1525734367.961989,4
1525734367.974824,2
1525734367.987997,3
1525734368.001789,2
1525734368.014894,2
1525734368.027578,3
1525734368.041154,3
1525734368.055141,3
1525734368.068460,4
1525734368.081272,4
1525734368.094036,1
1525734368.106900,2
1525734368.120422,3
1525734368.133442,11
1525734368.146416,8
1525734368.158558,11
1525734368.171144,11
1525734368.184114,4
1525734368.196907,4
1525734368.209728,2
1525734368.222680,5
1525734368.235926,4
1525734368.249031,5
1525734368.261954,5
1525734368.274860,4
1525734368.287929,8
1525734368.300592,5
1525734368.314869,1
1525734368.328023,0
1525734368.341020,9
1525734368.353974,7
1525734368.366953,13
1525734368.380392,11
1525734368.393091,6
1525734368.405976,6
1525734368.419272,1
1525734368.432389,3
1525734368.446447,4
1525734368.459291,4
1525734368.472045,5
1525734368.485088,3
1525734368.498029,2
1525734368.511217,1
1525734368.524047,1
1525734368.538158,0
1525734368.551380,0
1525734368.565031,5
1525734368.577674,20
1525734368.590230,13
1525734368.602900,5
1525734368.615786,7
1525734368.628438,0
1525734368.641164,0
1525734368.654082,0
1525734368.667402,0
1525734368.682144,0
1525734368.695139,0
1525734368.709036,0
1525734368.722826,0
1525734368.736323,0
1525734368.748945,0
1525734368.762086,5
1525734368.775105,2
1525734368.788075,10
1525734368.801235,2
1525734368.815657,1
1525734368.828760,3
1525734368.841787,4
1525734368.855152,3
1525734368.868488,4
1525734368.882235,3
1525734368.895383,10
1525734368.907912,8
1525734368.920727,3
1525734368.933409,2
1525734368.946193,3
1525734368.959369,4
1525734368.972631,6
1525734368.986618,7
1525734368.999313,2
1525734369.012005,10
1525734369.025002,15
1525734369.037546,8
1525734369.050335,5
1525734369.063289,4
1525734369.076293,1
1525734369.090268,1
1525734369.103187,2
1525734369.115949,2
1525734369.128784,2
1525734369.142184,1
1525734369.155673,1
1525734369.169265,1
1525734369.183068,2
1525734369.196343,5
1525734369.209620,11
1525734369.222288,9
1525734369.235051,11
1525734369.247469,0
1525734369.260420,0
1525734369.274702,0
1525734369.288612,0
1525734369.301987,0
1525734369.316497,0
1525734369.331265,0
1525734369.344680,0
1525734369.358863,0
1525734369.373860,0
1525734369.386541,0
1525734369.399192,0
1525734369.412038,2
1525734369.425269,15
1525734369.438079,2
1525734369.450840,14
1525734369.462958,18
1525734369.475685,7
1525734369.488898,0
1525734369.502765,0
1525734369.517372,0
1525734369.531689,0
1525734369.545810,0
1525734369.561282,0
1525734369.574593,0
1525734369.588397,0
1525734369.603604,0
1525734369.616574,0
1525734369.630088,0
1525734369.642974,7
1525734369.656348,6
1525734369.669422,4
1525734369.682300,4
1525734369.695398,4
1525734369.708306,3
1525734369.721195,4
1525734369.734093,4
1525734369.746869,3
1525734369.759442,3
1525734369.772674,2
1525734369.787413,1
1525734369.800163,1
1525734369.813208,1
1525734369.826006,1
1525734369.839004,1
1525734369.852219,8
1525734369.865596,4
1525734369.878501,8
1525734369.892701,2
1525734369.905772,0
1525734369.918696,0
1525734369.931522,0
1525734369.945730,0
1525734369.960043,0
1525734369.973074,0
1525734369.986251,0
1525734369.999438,0
1525734370.012903,0
1525734370.027578,0
1525734370.040825,0
1525734370.053967,0
1525734370.067509,4
1525734370.080034,16
1525734370.092582,13
1525734370.105542,12
1525734370.118133,0
1525734370.130579,0
1525734370.144110,0
1525734370.158577,0
1525734370.171557,0
1525734370.186046,0
1525734370.200470,0
1525734370.215782,0
1525734370.228720,0
1525734370.242755,0
1525734370.257444,0
1525734370.272700,0
1525734370.286382,0
1525734370.299399,2
1525734370.311913,6
1525734370.324500,13
1525734370.337266,3
1525734370.350460,4
1525734370.363381,1
1525734370.376924,2
1525734370.389958,1
1525734370.403130,2
1525734370.416341,2
1525734370.430347,1
1525734370.443131,1
1525734370.456485,1
1525734370.469071,0
1525734370.482106,0
1525734370.494962,3
1525734370.507664,2
1525734370.521522,0
1525734370.536826,0
1525734370.549856,0
1525734370.562975,0
1525734370.576976,0
1525734370.591370,0
1525734370.604902,0
1525734370.617461,0
1525734370.630417,0
1525734370.643211,0
1525734370.656324,0
1525734370.670939,0
1525734370.684058,0
1525734370.697188,1
1525734370.710332,4
1525734370.723177,4
1525734370.736870,4
1525734370.749361,8
1525734370.762020,7
1525734370.774915,2
1525734370.787890,2
1525734370.801509,5
1525734370.814920,5
1525734370.827537,3
1525734370.840397,4
1525734370.853226,4
1525734370.866397,15
1525734370.879186,2
1525734370.891659,4
1525734370.905952,2
1525734370.918740,7
1525734370.931816,5
1525734370.945138,7
1525734370.957976,11
1525734370.970484,7
1525734370.983190,8
1525734370.996510,6
1525734371.009781,1
1525734371.022374,1
1525734371.035328,1
1525734371.048289,1
1525734371.061117,2
1525734371.076277,2
1525734371.089486,2
1525734371.102600,2
1525734371.115707,3
1525734371.128483,3
1525734371.141508,4
1525734371.154596,2
1525734371.167754,6
1525734371.180721,9
1525734371.193274,5
1525734371.206558,4
1525734371.219491,5
1525734371.232391,10
1525734371.245694,2
1525734371.258707,2
1525734371.271674,0
1525734371.284882,1
1525734371.298432,0
1525734371.311462,0
1525734371.324763,1
1525734371.337775,5
1525734371.350549,9
1525734371.363632,1
1525734371.377034,2
1525734371.390155,4
1525734371.403244,4
1525734371.416336,1
1525734371.429500,1
1525734371.442569,2
1525734371.464920,0
1525734371.477912,0
1525734371.490705,0
1525734371.505885,0
1525734371.519159,0
1525734371.533311,0
1525734371.546364,3
1525734371.559339,4
1525734371.576290,2
1525734371.589434,2
1525734371.606794,2
1525734371.619361,2
1525734371.636630,1
1525734371.649646,1
1525734371.667810,0
1525734371.680480,0
1525734371.694727,0
1525734371.708255,0
1525734371.721937,0
1525734371.744618,0
1525734371.766293,0
1525734371.779349,0
1525734371.792875,0
1525734371.807366,0
1525734371.821348,0
1525734371.834858,0
1525734371.847049,0
1525734371.860038,0
1525734371.876588,0
1525734371.889600,0
1525734371.903243,0
1525734371.917541,0
1525734371.931764,0
1525734371.947232,0
1525734371.960255,0
1525734371.974334,0
1525734371.987958,0
1525734372.003206,0
1525734372.017578,0
1525734372.031469,0
1525734372.045966,0
1525734372.061484,0
1525734372.074672,0
1525734372.088489,0
1525734372.103228,0
1525734372.116361,0
1525734372.130878,0
1525734372.144146,0
1525734372.158694,0
1525734372.173122,0
1525734372.189931,0
1525734372.202941,0
1525734372.216847,0
1525734372.231268,0
1525734372.244543,0
1525734372.258676,0
1525734372.272844,0
1525734372.287481,0
1525734372.300222,0
1525734372.314514,0
1525734372.328669,0
1525734372.344050,0
1525734372.357150,0
1525734372.372242,0
1525734372.385551,0
1525734372.400005,0
1525734372.414107,0
1525734372.429030,0
1525734372.443487,0
1525734372.456705,0
1525734372.472733,0
1525734372.486172,0
1525734372.500247,0
1525734372.515404,0
1525734372.528340,0
1525734372.542398,0
1525734372.556552,0
1525734372.570914,0
1525734372.584481,0
1525734372.598680,0
1525734372.613223,0
1525734372.628482,0
1525734372.642643,0
1525734372.657470,0
1525734372.671181,0
1525734372.685943,0
1525734372.701051,0
1525734372.713825,0
1525734372.727500,0
1525734372.742129,0
1525734372.756179,0
1525734372.771017,0
1525734372.785158,0
1525734372.800719,0
1525734372.814587,0
1525734372.829297,0
1525734372.843379,0
1525734372.857379,0
1525734372.875209,0
1525734372.888661,0
1525734372.903371,0
1525734372.916408,0
1525734372.930566,0
1525734372.945326,0
1525734372.960067,0
1525734372.973262,0
1525734372.987749,0
1525734373.002618,0
1525734373.015625,0
1525734373.029442,0
1525734373.043643,0
1525734373.058130,0
1525734373.072459,0
1525734373.085842,0
1525734373.099696,0
1525734373.114288,0
1525734373.128710,0
1525734373.143076,0
1525734373.157817,0
1525734373.173181,0
1525734373.186800,0
1525734373.200946,0
1525734373.216106,0
1525734373.229225,0
1525734373.243363,0
1525734373.257876,0
1525734373.273532,0
1525734373.286483,0
1525734373.300908,0
1525734373.316141,0
1525734373.329249,0
1525734373.343019,0
1525734373.358298,0
1525734373.373891,0
1525734373.386933,0
1525734373.401750,0
1525734373.428881,0
1525734373.441742,0
1525734373.456030,0
1525734373.470931,0
1525734373.485470,0
1525734373.499726,0
1525734373.514944,0
1525734373.528669,0
1525734373.543823,0
1525734373.556883,0
1525734373.570542,0
1525734373.584996,0
1525734373.599262,0
1525734373.613175,0
1525734373.627529,0
1525734373.642474,0
1525734373.655731,0
1525734373.669677,0
1525734373.683445,0
1525734373.698097,0
1525734373.712500,0
1525734373.727882,0
1525734373.741007,0
1525734373.755239,0
1525734373.769457,0
1525734373.785114,0
1525734373.798057,0
1525734373.812310,0
1525734373.827626,0
1525734373.840726,0
1525734373.855232,0
1525734373.870244,0
1525734373.884977,0
1525734373.899206,0
1525734373.913109,0
1525734373.929032,0
1525734373.942407,0
1525734373.956643,0
1525734373.971816,0
1525734373.984898,0
1525734373.998780,0
1525734374.013141,0
1525734374.028883,0
1525734374.042115,0
1525734374.056372,0
1525734374.070929,0
1525734374.086447,0
1525734374.099767,0
1525734374.113828,0
1525734374.128273,0
1525734374.143319,0
1525734374.156183,0
1525734374.170200,0
1525734374.184779,0
1525734374.200397,0
1525734374.214215,0
1525734374.229262,0
1525734374.243144,0
1525734374.257132,0
1525734374.271543,0
1525734374.284706,0
1525734374.299335,0
1525734374.313884,0
1525734374.327829,0
1525734374.341825,0
1525734374.356258,0
1525734374.372674,0
1525734374.385878,0
1525734374.399129,0
1525734374.412273,0
1525734374.425568,0
1525734374.438709,0
1525734374.452106,0
1525734374.465542,0
