1525733006.247136,0
1525733006.265337,19
1525733006.277705,16
1525733006.290733,13
1525733006.303230,13
1525733006.315911,10
1525733006.328188,8
1525733006.341142,3
1525733006.355327,5
1525733006.368178,5
1525733006.381326,4
1525733006.394808,3
1525733006.408014,4
1525733006.421193,2
1525733006.434255,5
1525733006.447164,8
1525733006.459929,6
1525733006.472651,6
1525733006.485324,5
1525733006.498271,17
1525733006.510895,10
1525733006.523786,6
1525733006.536420,1
1525733006.549401,0
1525733006.562362,4
1525733006.575339,7
1525733006.588271,5
1525733006.601360,5
1525733006.614392,5
1525733006.627762,3
1525733006.644322,4
1525733006.657169,5
1525733006.670215,4
1525733006.683533,3
1525733006.696418,11
1525733006.709310,3
1525733006.721664,9
1525733006.734537,3
1525733006.747820,4
1525733006.760572,8
1525733006.773414,7
1525733006.787185,2
1525733006.800285,2
1525733006.812964,1
1525733006.825946,2
1525733006.839406,2
1525733006.852322,2
1525733006.866122,2
1525733006.880204,3
1525733006.893355,1
1525733006.907163,5
1525733006.920023,4
1525733006.932434,5
1525733006.945308,3
1525733006.958857,2
1525733006.972138,1
1525733006.985325,1
1525733006.998195,0
1525733007.011306,0
1525733007.024422,0
1525733007.037060,0
1525733007.050335,0
1525733007.063487,0
1525733007.076544,0
1525733007.089942,0
1525733007.103895,0
1525733007.116562,2
1525733007.129771,3
1525733007.142641,10
1525733007.155034,16
1525733007.167885,6
1525733007.181067,4
1525733007.194088,2
1525733007.207299,1
1525733007.220379,1
1525733007.233365,1
1525733007.247019,0
1525733007.260120,0
1525733007.272935,0
1525733007.285973,0
1525733007.300500,0
1525733007.313204,0
1525733007.325927,7
1525733007.339046,2
1525733007.352415,17
1525733007.364846,10
1525733007.377727,6
1525733007.391195,4
1525733007.404298,3
1525733007.417537,4
1525733007.430697,2
1525733007.443890,2
1525733007.457061,2
1525733007.471696,1
1525733007.484702,0
1525733007.498194,0
1525733007.511504,0
1525733007.524520,0
1525733007.538245,2
1525733007.552154,4
1525733007.565064,7
1525733007.577942,10
1525733007.590927,0
1525733007.604444,0
1525733007.617371,0
1525733007.630485,0
1525733007.645110,0
1525733007.661008,0
1525733007.674182,0
1525733007.688399,0
1525733007.702794,0
1525733007.717960,0
1525733007.731214,0
1525733007.745296,0
1525733007.758205,4
1525733007.771173,4
1525733007.783957,5
1525733007.796967,3
1525733007.810278,2
1525733007.822723,4
1525733007.835662,3
1525733007.848544,14
1525733007.861634,4
1525733007.874583,4
1525733007.887550,5
1525733007.900833,2
1525733007.913840,2
1525733007.926964,3
1525733007.940357,1
1525733007.953955,1
1525733007.966329,2
1525733007.979370,9
1525733007.992060,3
1525733008.005119,4
1525733008.017796,12
1525733008.030979,2
1525733008.044024,4
1525733008.056573,1
1525733008.070329,2
1525733008.083832,5
1525733008.097202,9
1525733008.110811,3
1525733008.123916,3
1525733008.137104,3
1525733008.151034,3
1525733008.163936,4
1525733008.176991,3
1525733008.190142,16
1525733008.203046,9
1525733008.215726,5
1525733008.228741,7
1525733008.241428,4
1525733008.254942,3
1525733008.267722,3
1525733008.280901,6
1525733008.294055,8
1525733008.307124,4
1525733008.320470,4
1525733008.333669,7
1525733008.347003,5
1525733008.359951,12
1525733008.372800,1
1525733008.385967,2
1525733008.398903,1
1525733008.412128,2
1525733008.424654,7
1525733008.437377,3
1525733008.450368,2
1525733008.463043,3
1525733008.475997,4
1525733008.488989,4
1525733008.502622,2
1525733008.515571,4
1525733008.528621,3
1525733008.541316,1
1525733008.554267,3
1525733008.566523,13
1525733008.579103,5
1525733008.592254,6
1525733008.605084,5
1525733008.618772,7
1525733008.632165,6
1525733008.645014,8
1525733008.657981,7
1525733008.670889,5
1525733008.683300,8
1525733008.696060,14
1525733008.709076,9
1525733008.722277,5
1525733008.735137,5
1525733008.748040,6
1525733008.761023,1
1525733008.773777,3
1525733008.787416,1
1525733008.800695,1
1525733008.813580,1
1525733008.826561,2
1525733008.839236,2
1525733008.852260,4
1525733008.865198,1
1525733008.879103,4
1525733008.892190,7
1525733008.905119,12
1525733008.917868,9
1525733008.930823,5
1525733008.943804,7
1525733008.956808,9
1525733008.970148,2
1525733008.983207,3
1525733008.996088,3
1525733009.009096,2
1525733009.022139,3
1525733009.035923,3
1525733009.049254,5
1525733009.062097,3
1525733009.075236,2
1525733009.088094,3
1525733009.101319,4
1525733009.114361,4
1525733009.127458,4
1525733009.140654,5
1525733009.153949,4
1525733009.166581,2
1525733009.179692,6
1525733009.192690,3
1525733009.205643,5
1525733009.218352,6
1525733009.231445,3
1525733009.244315,7
1525733009.257388,3
1525733009.270719,3
1525733009.283752,6
1525733009.297104,4
1525733009.311845,4
1525733009.324615,4
1525733009.337805,2
1525733009.351583,2
1525733009.364567,1
1525733009.377958,2
1525733009.392269,1
1525733009.406680,1
1525733009.420044,2
1525733009.433192,1
1525733009.446421,2
1525733009.460064,2
1525733009.472207,18
1525733009.485085,0
1525733009.499858,0
1525733009.513821,0
1525733009.526713,0
1525733009.539306,9
1525733009.552838,3
1525733009.565689,3
1525733009.579200,2
1525733009.591991,2
1525733009.604995,4
1525733009.617940,2
1525733009.632197,3
1525733009.645241,2
1525733009.659896,2
1525733009.672863,8
1525733009.685570,3
1525733009.698463,6
1525733009.713344,3
1525733009.726369,5
1525733009.739054,9
1525733009.752863,5
1525733009.765930,4
1525733009.778408,2
1525733009.791370,2
1525733009.804235,3
1525733009.817330,3
1525733009.830877,2
1525733009.844410,2
1525733009.857422,2
1525733009.870575,2
1525733009.883678,3
1525733009.896199,13
1525733009.909778,7
1525733009.923088,0
1525733009.937544,0
1525733009.950895,0
1525733009.964690,0
1525733009.978651,0
1525733009.992986,0
1525733010.006860,0
1525733010.021079,0
1525733010.036232,0
1525733010.049245,0
1525733010.063151,0
1525733010.077066,0
1525733010.093281,0
1525733010.106265,0
1525733010.119208,2
1525733010.131697,17
1525733010.144331,11
1525733010.156961,11
1525733010.170018,1
1525733010.182661,2
1525733010.195627,0
1525733010.208786,0
1525733010.222240,0
1525733010.236240,0
1525733010.249270,0
1525733010.262242,1
1525733010.277762,0
1525733010.291249,0
1525733010.304245,3
1525733010.316635,13
1525733010.328938,19
1525733010.342082,6
1525733010.355254,2
1525733010.368039,3
1525733010.381185,1
1525733010.394252,1
1525733010.407352,1
1525733010.420409,0
1525733010.433905,0
1525733010.448074,0
1525733010.461203,0
1525733010.474230,0
1525733010.487303,0
1525733010.500133,0
1525733010.512831,0
1525733010.526351,0
1525733010.539482,5
1525733010.553263,21
1525733010.565992,13
1525733010.579139,0
1525733010.592015,0
1525733010.605071,0
1525733010.619237,0
1525733010.632509,0
1525733010.645567,0
1525733010.660244,0
1525733010.674352,0
1525733010.688609,0
1525733010.702269,0
1525733010.717489,0
1525733010.730775,0
1525733010.743516,0
1525733010.756099,14
1525733010.769020,7
1525733010.782140,2
1525733010.794984,2
1525733010.808140,2
1525733010.821033,2
1525733010.833896,0
1525733010.846804,2
1525733010.860164,2
1525733010.872925,3
1525733010.886227,3
1525733010.900270,3
1525733010.913119,5
1525733010.926039,0
1525733010.938705,0
1525733010.952397,1
1525733010.965334,3
1525733010.977919,6
1525733010.991164,5
1525733011.003678,4
1525733011.016365,2
1525733011.029241,4
1525733011.042050,4
1525733011.054888,3
1525733011.067601,3
1525733011.080796,1
1525733011.094007,2
1525733011.107056,2
1525733011.120106,3
1525733011.133161,12
1525733011.146136,9
1525733011.158610,13
1525733011.171402,3
1525733011.184442,2
1525733011.197234,4
1525733011.211355,4
1525733011.224179,3
1525733011.236856,7
1525733011.250224,3
1525733011.262673,5
1525733011.275580,4
1525733011.288533,4
1525733011.301804,3
1525733011.315285,3
1525733011.328409,3
1525733011.341422,2
1525733011.354445,4
1525733011.367270,4
1525733011.380545,2
1525733011.393491,2
1525733011.406532,6
1525733011.419029,5
1525733011.431688,2
1525733011.444724,4
1525733011.457741,2
1525733011.471901,1
1525733011.485061,0
1525733011.498985,0
1525733011.511951,3
1525733011.524762,12
1525733011.537495,10
1525733011.550919,6
1525733011.563931,3
1525733011.577033,17
1525733011.590017,4
1525733011.602863,8
1525733011.615607,9
1525733011.628357,11
1525733011.641334,7
1525733011.654212,8
1525733011.667784,3
1525733011.680795,2
1525733011.694229,3
1525733011.708053,3
1525733011.721375,2
1525733011.733950,2
1525733011.746919,2
1525733011.759933,1
1525733011.772981,5
1525733011.785821,1
1525733011.799620,0
1525733011.813685,0
1525733011.826694,0
1525733011.839899,0
1525733011.852645,2
1525733011.865537,8
1525733011.878549,7
1525733011.891185,6
1525733011.904198,7
1525733011.917269,5
1525733011.930447,5
1525733011.943107,4
1525733011.955914,2
1525733011.968763,2
1525733011.981932,3
1525733011.995600,18
1525733012.008171,14
1525733012.021281,8
1525733012.034048,7
1525733012.047342,6
1525733012.060216,4
1525733012.073353,3
1525733012.086260,4
1525733012.100137,3
1525733012.112986,7
1525733012.125866,5
1525733012.138944,7
1525733012.152088,4
1525733012.164685,3
1525733012.177727,6
1525733012.190774,8
1525733012.203504,5
1525733012.216558,8
1525733012.229402,7
1525733012.242169,6
1525733012.255119,6
1525733012.268202,5
1525733012.281111,5
1525733012.294242,4
1525733012.307764,3
1525733012.320714,3
1525733012.333715,3
1525733012.346479,5
1525733012.358989,3
1525733012.371486,11
1525733012.384404,9
1525733012.398000,10
1525733012.411243,11
1525733012.423900,6
1525733012.436919,0
1525733012.451073,0
1525733012.465139,0
1525733012.481542,0
1525733012.495592,0
1525733012.508537,0
1525733012.522126,0
1525733012.535242,0
1525733012.548420,0
1525733012.561801,0
1525733012.574968,0
1525733012.588030,0
1525733012.601223,4
1525733012.614008,12
1525733012.627481,0
1525733012.640512,0
1525733012.653735,0
1525733012.666590,0
1525733012.680917,0
1525733012.694061,0
1525733012.707931,0
1525733012.722801,0
1525733012.738562,0
1525733012.751837,0
1525733012.765748,0
1525733012.780432,0
1525733012.792629,0
1525733012.805690,7
1525733012.818555,6
1525733012.831586,3
1525733012.844707,2
1525733012.858302,3
1525733012.871371,8
1525733012.883854,1
1525733012.897475,1
1525733012.910313,0
1525733012.923445,0
1525733012.936396,0
1525733012.949632,0
1525733012.964104,0
1525733012.977270,0
1525733012.990446,0
1525733013.008236,0
1525733013.021567,4
1525733013.034751,7
1525733013.047892,6
1525733013.060733,12
1525733013.073696,4
1525733013.086547,2
1525733013.099881,2
1525733013.112929,1
1525733013.125930,1
1525733013.138853,1
1525733013.152843,2
1525733013.165953,1
1525733013.178905,1
1525733013.191742,1
1525733013.206170,1
1525733013.219042,2
1525733013.232152,4
1525733013.244794,3
1525733013.257735,8
1525733013.270828,6
1525733013.283515,6
1525733013.296517,7
1525733013.309126,5
1525733013.322269,7
1525733013.335446,2
1525733013.348222,1
1525733013.361090,2
1525733013.374945,1
1525733013.388870,1
1525733013.402627,2
1525733013.415657,1
1525733013.428452,2
1525733013.442873,2
1525733013.455967,8
1525733013.468228,17
1525733013.481527,4
1525733013.494413,4
1525733013.507370,20
1525733013.519981,11
1525733013.533035,7
1525733013.545423,4
1525733013.558658,3
1525733013.571808,2
1525733013.585000,2
1525733013.598142,4
1525733013.610970,2
1525733013.623877,3
1525733013.636586,8
1525733013.649306,1
1525733013.662090,11
1525733013.675069,8
1525733013.687796,5
1525733013.700871,8
1525733013.713470,8
1525733013.726867,3
1525733013.740759,2
1525733013.754044,1
1525733013.767019,0
1525733013.780355,0
1525733013.793151,0
1525733013.807375,0
1525733013.820700,0
1525733013.833695,0
1525733013.846693,3
1525733013.859448,19
1525733013.872180,11
1525733013.884550,14
1525733013.897443,2
1525733013.910745,8
1525733013.923790,9
1525733013.936657,6
1525733013.949301,6
1525733013.962211,4
1525733013.975178,3
1525733013.988022,3
1525733014.001064,4
1525733014.014254,2
1525733014.026984,3
1525733014.039307,3
1525733014.052379,3
1525733014.065411,3
1525733014.078103,7
1525733014.091153,4
1525733014.103694,2
1525733014.116463,3
1525733014.129449,2
1525733014.142399,2
1525733014.154982,3
1525733014.167920,6
1525733014.181192,2
1525733014.195026,1
1525733014.208710,2
1525733014.222055,1
1525733014.235041,0
1525733014.247848,0
1525733014.262682,0
1525733014.275755,1
1525733014.288620,0
1525733014.301697,0
1525733014.315701,8
1525733014.328264,6
1525733014.342014,3
1525733014.355203,1
1525733014.367869,3
1525733014.380757,2
1525733014.395409,2
1525733014.408084,3
1525733014.421264,3
1525733014.434061,3
1525733014.446922,6
1525733014.460215,1
1525733014.473080,1
1525733014.486723,1
1525733014.500594,2
1525733014.513403,2
1525733014.526720,4
1525733014.539864,6
1525733014.553020,9
1525733014.566160,4
1525733014.579016,5
1525733014.591733,3
1525733014.604581,4
1525733014.617985,2
1525733014.631715,4
1525733014.644738,0
1525733014.657834,0
1525733014.672155,0
1525733014.687258,0
1525733014.700281,0
1525733014.716981,0
1525733014.732080,0
1525733014.744937,6
1525733014.757770,9
1525733014.770690,7
1525733014.783611,8
1525733014.796240,4
1525733014.809012,8
1525733014.821876,5
1525733014.834726,7
1525733014.847733,4
1525733014.860652,6
1525733014.873440,2
1525733014.887307,1
1525733014.900465,1
1525733014.913409,1
1525733014.927146,1
1525733014.940703,1
1525733014.953986,2
1525733014.966345,19
1525733014.978866,14
1525733014.991858,4
1525733015.005241,0
1525733015.019456,0
1525733015.032479,0
1525733015.045723,0
1525733015.058431,1
1525733015.071488,7
1525733015.084312,4
1525733015.097325,4
1525733015.111399,8
1525733015.124240,4
1525733015.136790,7
1525733015.150015,10
1525733015.162785,8
1525733015.175957,2
1525733015.188462,14
1525733015.201578,3
1525733015.214191,5
1525733015.227433,5
1525733015.240303,3
1525733015.253477,6
1525733015.266498,4
1525733015.280055,3
1525733015.293398,2
1525733015.306381,1
1525733015.319470,1
1525733015.332639,8
1525733015.345818,2
1525733015.358929,10
1525733015.372125,7
1525733015.385078,8
1525733015.398112,10
1525733015.411143,4
1525733015.423799,6
1525733015.436602,5
1525733015.449313,5
1525733015.462445,5
1525733015.475529,5
1525733015.488477,4
1525733015.501249,6
1525733015.514189,5
1525733015.527202,5
1525733015.539989,7
1525733015.553140,4
1525733015.567022,5
1525733015.580336,2
1525733015.593032,5
1525733015.606031,5
1525733015.618878,4
1525733015.631772,4
1525733015.644844,3
1525733015.657574,4
1525733015.670914,2
1525733015.684030,2
1525733015.697165,2
1525733015.711131,0
1525733015.724033,1
1525733015.737227,1
1525733015.751732,4
1525733015.764720,11
1525733015.778022,3
1525733015.791088,6
1525733015.803956,15
1525733015.816646,6
1525733015.830172,6
1525733015.843071,4
1525733015.855807,8
1525733015.868828,2
1525733015.881886,2
1525733015.894797,17
1525733015.907279,17
1525733015.920057,9
1525733015.932780,1
1525733015.945692,2
1525733015.959298,1
1525733015.972606,1
1525733015.985374,3
1525733015.998357,9
1525733016.011701,3
1525733016.025066,2
1525733016.038177,2
1525733016.051197,1
1525733016.064291,3
1525733016.077253,3
1525733016.092071,1
1525733016.105345,4
1525733016.117746,2
1525733016.131077,1
1525733016.144005,1
1525733016.157797,1
1525733016.172637,1
1525733016.185912,1
1525733016.199035,5
1525733016.212290,1
1525733016.224756,4
1525733016.237464,1
1525733016.251604,3
1525733016.266600,13
1525733016.279891,7
1525733016.293106,6
1525733016.306008,5
1525733016.318596,5
1525733016.331848,3
1525733016.344469,7
1525733016.357508,4
1525733016.371412,4
1525733016.384437,3
1525733016.397548,3
1525733016.410686,2
1525733016.423682,3
1525733016.436173,6
1525733016.449227,3
1525733016.462117,3
1525733016.475411,3
1525733016.488263,9
1525733016.501184,4
1525733016.514338,3
1525733016.527131,1
1525733016.540458,9
1525733016.554047,10
1525733016.566560,12
1525733016.579513,2
1525733016.592497,0
1525733016.605792,0
1525733016.620948,0
1525733016.634411,0
1525733016.647167,0
1525733016.660365,0
1525733016.674162,0
1525733016.688408,0
1525733016.701849,0
1525733016.714647,0
1525733016.727716,0
1525733016.740352,9
1525733016.754197,5
1525733016.767222,6
1525733016.779938,12
1525733016.793009,7
1525733016.806064,6
1525733016.818754,6
1525733016.831629,8
1525733016.844139,2
1525733016.857357,0
1525733016.871959,0
1525733016.885224,0
1525733016.899336,0
1525733016.912938,0
1525733016.927714,0
1525733016.940700,0
1525733016.954936,0
1525733016.967633,0
1525733016.980738,0
1525733016.993557,0
1525733017.007400,0
1525733017.020655,0
1525733017.033212,3
1525733017.047699,14
1525733017.060525,5
1525733017.073190,4
1525733017.086362,2
1525733017.098859,3
1525733017.112043,3
1525733017.125217,1
1525733017.138187,1
1525733017.154279,3
1525733017.167117,3
1525733017.179795,2
1525733017.192544,2
1525733017.205949,2
1525733017.220775,3
1525733017.233673,2
1525733017.246773,2
1525733017.259992,3
1525733017.272784,7
1525733017.285717,5
1525733017.298484,6
1525733017.311437,6
1525733017.324112,3
1525733017.336815,15
1525733017.350214,4
1525733017.363063,2
1525733017.376272,2
1525733017.389020,20
1525733017.402782,13
1525733017.415900,11
1525733017.428886,0
1525733017.441644,0
1525733017.454695,0
1525733017.467859,0
1525733017.481937,0
1525733017.495888,0
1525733017.510471,0
1525733017.524396,0
1525733017.537442,0
1525733017.550752,0
1525733017.563884,0
1525733017.577097,0
1525733017.591916,0
1525733017.604605,11
1525733017.617303,22
1525733017.630326,9
1525733017.642695,9
1525733017.655699,7
1525733017.668274,7
1525733017.681615,5
1525733017.694343,4
1525733017.707502,2
1525733017.720170,2
1525733017.734249,2
1525733017.747645,2
1525733017.760727,2
1525733017.773432,1
1525733017.787444,3
1525733017.800943,2
1525733017.814061,3
1525733017.827778,6
1525733017.842543,7
1525733017.855724,7
1525733017.868473,1
1525733017.881323,4
1525733017.895618,4
1525733017.908632,4
1525733017.921417,2
1525733017.934357,3
1525733017.949099,2
1525733017.962160,4
1525733017.975228,6
1525733017.988107,2
1525733018.001231,2
1525733018.015323,5
1525733018.027721,3
1525733018.040761,3
1525733018.056149,6
1525733018.068875,7
1525733018.081473,8
1525733018.094615,2
1525733018.107716,2
1525733018.121189,1
1525733018.134756,1
1525733018.148421,1
1525733018.161744,0
1525733018.174672,0
1525733018.187286,0
1525733018.201377,0
1525733018.215588,0
1525733018.228500,5
1525733018.241737,4
1525733018.254605,8
1525733018.267326,4
1525733018.280120,1
1525733018.293556,0
1525733018.306424,0
1525733018.319287,0
1525733018.332114,0
1525733018.344900,0
1525733018.359170,0
1525733018.372039,0
1525733018.385221,0
1525733018.399315,0
1525733018.412263,0
1525733018.425182,0
1525733018.438270,0
1525733018.451606,0
1525733018.464284,2
1525733018.477705,3
1525733018.490744,7
1525733018.503130,7
1525733018.516249,0
1525733018.530431,0
1525733018.544704,0
1525733018.559213,0
1525733018.574441,0
1525733018.590351,0
1525733018.603398,0
1525733018.617014,0
1525733018.633412,0
1525733018.646487,0
1525733018.661281,0
1525733018.674198,6
1525733018.687082,1
1525733018.700028,3
1525733018.713168,22
1525733018.725237,20
1525733018.737430,19
1525733018.750712,0
1525733018.764510,0
1525733018.778130,0
1525733018.792544,0
1525733018.806616,0
1525733018.819112,0
1525733018.832956,0
1525733018.847994,0
1525733018.862393,0
1525733018.876385,0
1525733018.889103,7
1525733018.901962,4
1525733018.914850,9
1525733018.927547,5
1525733018.941052,3
1525733018.954233,3
1525733018.966920,2
1525733018.980094,3
1525733018.993432,2
1525733019.006856,3
1525733019.020034,4
1525733019.032461,4
1525733019.045598,1
1525733019.059294,2
1525733019.072267,2
1525733019.085233,3
1525733019.098604,6
1525733019.111675,6
1525733019.124745,1
1525733019.137563,8
1525733019.150576,13
1525733019.163004,17
1525733019.175510,12
1525733019.188282,12
1525733019.201378,3
1525733019.214070,2
1525733019.226857,3
1525733019.239746,1
1525733019.252606,1
1525733019.265345,0
1525733019.277929,0
1525733019.291490,0
1525733019.304024,1
1525733019.316774,2
1525733019.329979,3
1525733019.342941,6
1525733019.355927,15
1525733019.368508,5
1525733019.381480,4
1525733019.394666,4
1525733019.407581,7
1525733019.420586,4
1525733019.433669,4
1525733019.446802,4
1525733019.460128,2
1525733019.473214,2
1525733019.486383,4
1525733019.500899,14
1525733019.513916,3
1525733019.526574,3
1525733019.539323,4
1525733019.553327,4
1525733019.566320,10
1525733019.579114,4
1525733019.591904,4
1525733019.604615,4
1525733019.618197,2
1525733019.631452,2
1525733019.643825,2
1525733019.656401,2
1525733019.669483,3
1525733019.683402,3
1525733019.696557,3
1525733019.710015,3
1525733019.723263,3
1525733019.736177,5
1525733019.748988,6
1525733019.761925,12
1525733019.774356,3
1525733019.787131,3
1525733019.800420,1
1525733019.813237,12
1525733019.826045,12
1525733019.839044,8
1525733019.852071,1
1525733019.865140,0
1525733019.877713,0
1525733019.892430,0
1525733019.905104,0
1525733019.918008,0
1525733019.930992,0
1525733019.943955,4
1525733019.956832,12
1525733019.970075,12
1525733019.983153,10
1525733019.995799,11
1525733020.008433,8
1525733020.021409,0
1525733020.036812,0
1525733020.050255,0
1525733020.063021,0
1525733020.075835,0
1525733020.089034,0
1525733020.103805,0
1525733020.116781,0
1525733020.129928,0
1525733020.142844,15
1525733020.155581,10
1525733020.168185,5
1525733020.180857,12
1525733020.193805,4
1525733020.206799,3
1525733020.219539,3
1525733020.232743,2
1525733020.245982,2
1525733020.260192,2
1525733020.273051,2
1525733020.286058,3
1525733020.301083,2
1525733020.314195,2
1525733020.327004,3
1525733020.339957,3
1525733020.353810,2
1525733020.367497,2
1525733020.381009,1
1525733020.394127,0
1525733020.407196,3
1525733020.419484,3
1525733020.432541,10
1525733020.445201,1
1525733020.459289,1
1525733020.472232,1
1525733020.485585,2
1525733020.498336,2
1525733020.512638,1
1525733020.525625,1
1525733020.538572,1
1525733020.551974,1
1525733020.564906,2
1525733020.579042,2
1525733020.591947,3
1525733020.604758,1
1525733020.618071,1
1525733020.632167,1
1525733020.645310,7
1525733020.658211,2
1525733020.672559,1
1525733020.686020,2
1525733020.700841,2
1525733020.713329,0
1525733020.726264,0
1525733020.739299,0
1525733020.753170,0
1525733020.766954,1
1525733020.780263,3
1525733020.792816,9
1525733020.805479,7
1525733020.818008,2
1525733020.831612,3
1525733020.844426,4
1525733020.858026,4
1525733020.871067,5
1525733020.884226,6
1525733020.897315,2
1525733020.911455,1
1525733020.924304,1
1525733020.937497,1
1525733020.951004,2
1525733020.964118,3
1525733020.976958,7
1525733020.990044,2
1525733021.002843,2
1525733021.015835,10
1525733021.028390,16
1525733021.041130,14
1525733021.053701,16
1525733021.066873,0
1525733021.079840,0
1525733021.092567,0
1525733021.105718,0
1525733021.118768,0
1525733021.132046,0
1525733021.144746,0
1525733021.158466,0
1525733021.172825,0
1525733021.185947,0
1525733021.198609,3
1525733021.211736,11
1525733021.224155,3
1525733021.236494,9
1525733021.249313,13
1525733021.262083,8
1525733021.275074,7
1525733021.287817,2
1525733021.301083,1
1525733021.314228,1
1525733021.328492,0
1525733021.341329,0
1525733021.354434,0
1525733021.367190,0
1525733021.380482,0
1525733021.393783,0
1525733021.408578,8
1525733021.421935,12
1525733021.434970,5
1525733021.447924,4
1525733021.460997,8
1525733021.473308,7
1525733021.486382,4
1525733021.499113,4
1525733021.512063,4
1525733021.524736,5
1525733021.537432,7
1525733021.550790,5
1525733021.563623,6
1525733021.576604,5
1525733021.589932,2
1525733021.602922,3
1525733021.615741,2
1525733021.628371,4
1525733021.641359,9
1525733021.654157,2
1525733021.666998,2
1525733021.679937,1
1525733021.692776,2
1525733021.705675,1
1525733021.720280,2
1525733021.733128,1
1525733021.745966,2
1525733021.758708,3
1525733021.771514,2
1525733021.784323,1
1525733021.796885,1
1525733021.811754,1
1525733021.824313,1
1525733021.837291,4
1525733021.850859,10
1525733021.863897,3
1525733021.876709,2
1525733021.889963,1
1525733021.902978,2
1525733021.916069,3
1525733021.928864,1
1525733021.943315,1
1525733021.956118,1
1525733021.969081,8
1525733021.981820,4
1525733021.994905,4
1525733022.007723,3
1525733022.020801,2
1525733022.034064,10
1525733022.046398,8
1525733022.059379,6
1525733022.072286,5
1525733022.084897,7
1525733022.097805,5
1525733022.111097,5
1525733022.123676,2
1525733022.136789,2
1525733022.149336,4
1525733022.161823,5
1525733022.174695,2
1525733022.187380,1
1525733022.200170,0
1525733022.212818,0
1525733022.227151,0
1525733022.240211,1
1525733022.252864,11
1525733022.266751,5
1525733022.279377,3
1525733022.292801,2
1525733022.305629,3
1525733022.318599,3
1525733022.331861,2
1525733022.344568,3
1525733022.357664,6
1525733022.370282,19
1525733022.382682,14
1525733022.396888,11
1525733022.410185,0
1525733022.423964,0
1525733022.437647,0
1525733022.452115,0
1525733022.465059,0
1525733022.484871,6
1525733022.497808,9
1525733022.511049,10
1525733022.524138,8
1525733022.537191,1
1525733022.551851,0
1525733022.565192,3
1525733022.577730,10
1525733022.590913,2
1525733022.603724,3
1525733022.616987,6
1525733022.630680,4
1525733022.643347,10
1525733022.656396,1
1525733022.668970,1
1525733022.682468,1
1525733022.696337,2
1525733022.709246,3
1525733022.722476,2
1525733022.734720,18
1525733022.747622,4
1525733022.760455,1
1525733022.773359,1
1525733022.786018,2
1525733022.798625,6
1525733022.811705,8
1525733022.824489,11
1525733022.837413,6
1525733022.850019,3
1525733022.862794,6
1525733022.875987,2
1525733022.888753,2
1525733022.902065,2
1525733022.914969,2
1525733022.927633,2
1525733022.940437,2
1525733022.953651,21
1525733022.966060,13
1525733022.978502,15
1525733022.991787,0
1525733023.004785,0
1525733023.018800,0
1525733023.031937,0
1525733023.044674,4
1525733023.057353,3
1525733023.070442,2
1525733023.082998,2
1525733023.095704,2
1525733023.108585,3
1525733023.121468,3
1525733023.134311,13
1525733023.147087,2
1525733023.160288,4
1525733023.173015,3
1525733023.185723,8
1525733023.198120,16
1525733023.211202,3
1525733023.223834,5
1525733023.236456,6
1525733023.250115,2
1525733023.263343,2
1525733023.276472,6
1525733023.289181,14
1525733023.302103,3
1525733023.315215,5
1525733023.328198,4
1525733023.341526,2
1525733023.354744,2
1525733023.367404,3
1525733023.380342,2
1525733023.393374,8
1525733023.406451,8
1525733023.419051,13
1525733023.431983,7
1525733023.444913,7
1525733023.457901,5
1525733023.470825,6
1525733023.483874,2
1525733023.496701,3
1525733023.510063,2
1525733023.522835,2
1525733023.535861,2
1525733023.548517,3
1525733023.561280,4
1525733023.574186,1
1525733023.586820,3
1525733023.600053,3
1525733023.612959,7
1525733023.626119,4
1525733023.638805,13
1525733023.652015,2
1525733023.664711,5
1525733023.677851,4
1525733023.690715,4
1525733023.703503,10
1525733023.716298,5
1525733023.729032,6
1525733023.742234,7
1525733023.755112,7
1525733023.767927,8
1525733023.780707,7
1525733023.793525,3
1525733023.806403,7
1525733023.819061,7
1525733023.831841,5
1525733023.844734,5
1525733023.857572,3
1525733023.870907,6
1525733023.883561,4
1525733023.896602,6
1525733023.909927,5
1525733023.923005,7
1525733023.935615,3
1525733023.948559,5
1525733023.961418,6
1525733023.974142,8
1525733023.986897,5
1525733024.000089,5
1525733024.012964,4
1525733024.025693,5
1525733024.038367,8
1525733024.051136,5
1525733024.063796,1
1525733024.076323,1
1525733024.089230,1
1525733024.102617,2
1525733024.116458,2
1525733024.129361,2
1525733024.143829,2
1525733024.156636,3
1525733024.169210,3
1525733024.183081,3
1525733024.195695,2
1525733024.208744,1
1525733024.221998,0
1525733024.235104,0
1525733024.248156,0
1525733024.262296,4
1525733024.275101,5
1525733024.287393,10
1525733024.300574,1
1525733024.313692,3
1525733024.326298,5
1525733024.339003,3
1525733024.352344,4
1525733024.365125,3
1525733024.378839,4
1525733024.392084,3
1525733024.404824,3
1525733024.417868,4
1525733024.431946,2
1525733024.444836,5
1525733024.457738,2
1525733024.470484,1
1525733024.483560,0
1525733024.497093,0
1525733024.511201,0
1525733024.523941,7
1525733024.536905,6
1525733024.550091,4
1525733024.563144,7
1525733024.576123,6
1525733024.588900,6
1525733024.601662,6
1525733024.615014,5
1525733024.629096,4
1525733024.644102,4
1525733024.656924,3
1525733024.669464,3
1525733024.682240,3
1525733024.694875,2
1525733024.707628,2
1525733024.720599,1
1525733024.733651,1
1525733024.746113,1
1525733024.759945,5
1525733024.772836,4
1525733024.785977,6
1525733024.798844,5
1525733024.811682,7
1525733024.824487,8
1525733024.837098,7
1525733024.849570,4
1525733024.862094,1
1525733024.875119,0
1525733024.889202,0
1525733024.903955,0
1525733024.918479,0
1525733024.932880,0
1525733024.947392,0
1525733024.962094,0
1525733024.974705,0
1525733024.987344,0
1525733025.000641,0
1525733025.013434,0
1525733025.026380,4
1525733025.039440,8
1525733025.051667,11
1525733025.064530,8
1525733025.077556,6
1525733025.090706,5
1525733025.103417,4
1525733025.116077,2
1525733025.128920,4
1525733025.141784,4
1525733025.155516,1
1525733025.168089,1
1525733025.181114,3
1525733025.194000,4
1525733025.206623,11
1525733025.219180,3
1525733025.232441,0
1525733025.245357,0
1525733025.258107,0
1525733025.271521,0
1525733025.284355,0
1525733025.297222,4
1525733025.311730,5
1525733025.324308,13
1525733025.337121,8
1525733025.350158,5
1525733025.362834,5
1525733025.375660,4
1525733025.388448,3
1525733025.401936,6
1525733025.415032,2
1525733025.427975,4
1525733025.441090,2
1525733025.454274,1
1525733025.467198,2
1525733025.480297,1
1525733025.493365,2
1525733025.506117,2
1525733025.520966,2
1525733025.533512,1
1525733025.546767,2
1525733025.559965,3
1525733025.572696,6
1525733025.585275,4
1525733025.597848,4
1525733025.610908,4
1525733025.623903,2
1525733025.636431,10
1525733025.649501,6
1525733025.662217,8
1525733025.674775,0
1525733025.687130,0
1525733025.700567,0
1525733025.714883,0
1525733025.728595,0
1525733025.743072,0
1525733025.758340,0
1525733025.771790,0
1525733025.785708,0
1525733025.800177,0
1525733025.813168,6
1525733025.825924,5
1525733025.838889,7
1525733025.852069,7
1525733025.865158,8
1525733025.877990,5
1525733025.891037,6
1525733025.904576,6
1525733025.917914,3
1525733025.931158,4
1525733025.944188,8
1525733025.956852,3
1525733025.969847,2
1525733025.983377,1
1525733025.996456,0
1525733026.009374,0
1525733026.022615,0
1525733026.035908,0
1525733026.049117,2
1525733026.062815,2
1525733026.075655,2
1525733026.088692,2
1525733026.101624,2
1525733026.114351,2
1525733026.129101,1
1525733026.142200,5
1525733026.155177,4
1525733026.167910,4
1525733026.180648,1
1525733026.193286,0
1525733026.206343,0
1525733026.220819,0
1525733026.234861,0
1525733026.252233,0
1525733026.265304,3
1525733026.281715,0
1525733026.294048,0
1525733026.306790,0
1525733026.319522,0
1525733026.332483,0
1525733026.346126,0
1525733026.361576,0
1525733026.374588,2
1525733026.387886,2
1525733026.400699,1
1525733026.422160,0
1525733026.434475,0
1525733026.447798,0
1525733026.460764,0
1525733026.481968,2
1525733026.501812,1
1525733026.514458,0
1525733026.532121,0
1525733026.544723,0
1525733026.557515,0
1525733026.572379,0
1525733026.585033,0
1525733026.598257,0
1525733026.611755,0
1525733026.624735,0
1525733026.637629,0
1525733026.651603,0
1525733026.665614,0
1525733026.679946,0
1525733026.694703,0
1525733026.710141,0
1525733026.723479,0
1525733026.737292,0
1525733026.751933,0
1525733026.765766,0
1525733026.781450,0
1525733026.794412,0
1525733026.808562,0
1525733026.822687,0
1525733026.837188,0
1525733026.853141,0
1525733026.866897,0
1525733026.881326,0
1525733026.897825,0
1525733026.911113,0
1525733026.925287,0
1525733026.939783,0
1525733026.953479,0
1525733026.967908,0
1525733026.982126,0
1525733026.996357,0
1525733027.010864,0
1525733027.025067,0
1525733027.040521,0
1525733027.053646,0
1525733027.067960,0
1525733027.082381,0
1525733027.097060,0
1525733027.111961,0
1525733027.125861,0
1525733027.140125,0
1525733027.155054,0
1525733027.168305,0
1525733027.182625,0
1525733027.196511,0
1525733027.212285,0
1525733027.225367,0
1525733027.239529,0
1525733027.253804,0
1525733027.270331,0
1525733027.283651,0
1525733027.297072,0
1525733027.311617,0
1525733027.324343,0
1525733027.338901,0
1525733027.355116,0
1525733027.368297,0
1525733027.382662,0
1525733027.398796,0
1525733027.411954,0
1525733027.424850,0
1525733027.437673,0
1525733027.450661,0
1525733027.464497,0
1525733027.478867,0
1525733027.493363,0
1525733027.507820,0
1525733027.522267,0
1525733027.536477,0
1525733027.551726,0
1525733027.566993,0
1525733027.580102,0
1525733027.594225,0
1525733027.608188,0
1525733027.623189,0
1525733027.638341,0
1525733027.651456,0
1525733027.665379,0
1525733027.680130,0
1525733027.694545,0
1525733027.708766,0
1525733027.723908,0
1525733027.737123,0
1525733027.752116,0
1525733027.767274,0
1525733027.780356,0
1525733027.794482,0
1525733027.808663,0
1525733027.824046,0
1525733027.839077,0
1525733027.852309,0
1525733027.866752,0
1525733027.881444,0
1525733027.898534,0
1525733027.911855,0
1525733027.925276,0
1525733027.938746,0
1525733027.954001,0
1525733027.969163,0
1525733027.983117,0
1525733027.997516,0
1525733028.011545,0
1525733028.026683,0
1525733028.042179,0
1525733028.055926,0
1525733028.071050,0
1525733028.084127,0
1525733028.097172,0
1525733028.110277,0
1525733028.123357,0
1525733028.137031,0
1525733028.151418,0
1525733028.165501,0
1525733028.181165,0
1525733028.194824,0
1525733028.209430,0
1525733028.223492,0
1525733028.237526,0
1525733028.253220,0
1525733028.267160,0
1525733028.282181,0
1525733028.297148,0
1525733028.310791,0
1525733028.324112,0
1525733028.338564,0
1525733028.354845,0
1525733028.368016,0
1525733028.382587,0
1525733028.397905,0
1525733028.411159,0
1525733028.424196,0
1525733028.437115,0
1525733028.450505,0
1525733028.463914,0
1525733028.477012,0
1525733028.491316,0
1525733028.505435,0
1525733028.521744,0
1525733028.535029,0
1525733028.549548,0
1525733028.565077,0
1525733028.578788,0
1525733028.593773,0
1525733028.607883,0
1525733028.622365,0
1525733028.636448,0
1525733028.653262,0
1525733028.667983,0
1525733028.680852,0
1525733028.695728,0
1525733028.709000,0
1525733028.723623,0
1525733028.737292,0
1525733028.752863,0
1525733028.766166,0
1525733028.780494,0
1525733028.794676,0
1525733028.808851,0
1525733028.824585,0
1525733028.837834,0
1525733028.852085,0
1525733028.866787,0
1525733028.882998,0
1525733028.895911,0
1525733028.909969,0
1525733028.923763,0
1525733028.938549,0
1525733028.956025,0
1525733028.969085,0
1525733028.983629,0
1525733028.998217,0
1525733029.012638,0
1525733029.026773,0
1525733029.039778,0
1525733029.053957,0
1525733029.069193,0
1525733029.083028,0
1525733029.097449,0
1525733029.112044,0
1525733029.127268,0
1525733029.139852,0
1525733029.153867,0
1525733029.168312,0
1525733029.183081,0
1525733029.197925,0
1525733029.212380,0
1525733029.226711,0
1525733029.240691,0
1525733029.256006,0
1525733029.269122,0
1525733029.283101,0
1525733029.297353,0
